0.00400000 28.19072100 
0.00925963 30.29258147 
0.01451927 32.42711349 
0.01977890 34.42197593 
0.02503854 36.28017629 
0.03029817 38.02148585 
0.03555780 39.66426616 
0.04081744 41.22339947 
0.04607707 42.71068775 
0.05133671 44.13552998 
0.05659634 45.50549694 
0.06185597 46.82676619 
0.06711561 48.10444267 
0.07237524 49.34279486 
0.07763488 50.54543031 
0.08289451 51.71542773 
0.08815414 52.85543756 
0.09341378 53.96775974 
0.09867341 55.05440434 
0.10393305 56.11713964 
0.10919268 57.15753038 
0.11445231 58.17696876 
0.11971195 59.17669961 
0.12497158 60.15784112 
0.13023122 61.12140190 
0.13549085 62.06829532 
0.14075048 62.99935152 
0.14601012 63.91532745 
0.15126975 64.81691559 
0.15652939 65.70475124 
0.16178902 66.57941885 
0.16704865 67.44145751 
0.17230829 68.29136562 
0.17756792 69.12960506 
0.18282756 69.95660480 
0.18808719 70.77276399 
0.19334683 71.57845482 
0.19860646 72.37402495 
0.20386609 73.15979966 
0.20912573 73.93608387 
0.21438536 74.70316377 
0.21964500 75.46130846 
0.22490463 76.21077128 
0.23016426 76.95179108 
0.23542390 77.68459333 
0.24068353 78.40939116 
0.24594317 79.12638626 
0.25120280 79.83576971 
0.25646243 80.53772276 
0.26172207 81.23241751 
0.26698170 81.92001753 
0.27224134 82.60067846 
0.27750097 83.27454850 
0.28276060 83.94176893 
0.28802024 84.60247455 
0.29327987 85.25679407 
0.29853951 85.90485048 
0.30379914 86.54676144 
0.30905877 87.18263957 
0.31431841 87.81259273 
0.31957804 88.43672435 
0.32483768 89.05513363 
0.33009731 89.66791581 
0.33535694 90.27516236 
0.34061658 90.87696124 
0.34587621 91.47339704 
0.35113585 92.06455115 
0.35639548 92.65050199 
0.36165511 93.23132510 
0.36691475 93.80709333 
0.37217438 94.37787695 
0.37743402 94.94374377 
0.38269365 95.50475930 
0.38795328 96.06098683 
0.39321292 96.61248755 
0.39847255 97.15932062 
0.40373219 97.70154332 
0.40899182 98.23921108 
0.41425145 98.77237759 
0.41951109 99.30109489 
0.42477072 99.82541343 
0.43003036 100.34538212 
0.43528999 100.86104843 
0.44054962 101.37245844 
0.44580926 101.87965690 
0.45106889 102.38268727 
0.45632853 102.88159181 
0.46158816 103.37641158 
0.46684779 103.86718653 
0.47210743 104.35395553 
0.47736706 104.83675642 
0.48262670 105.31562602 
0.48788633 105.79060022 
0.49314596 106.26171397 
0.49840560 106.72900134 
0.50366523 107.19249557 
0.50892487 107.65222905 
0.51418450 108.10823340 
0.51944414 108.56053948 
0.52470377 109.00917740 
0.52996340 109.45417658 
0.53522304 109.89556576 
0.54048267 110.33337303 
0.54574231 110.76762583 
0.55100194 111.19835100 
0.55626157 111.62557478 
0.56152121 112.04932287 
0.56678084 112.46962037 
0.57204048 112.88649190 
0.57730011 113.29996153 
0.58255974 113.71005286 
0.58781938 114.11678898 
0.59307901 114.52019254 
0.59833865 114.92028574 
0.60359828 115.31709032 
0.60885791 115.71062762 
0.61411755 116.10091857 
0.61937718 116.48798371 
0.62463682 116.87184317 
0.62989645 117.25251674 
0.63515608 117.63002383 
0.64041572 118.00438352 
0.64567535 118.37561453 
0.65093499 118.74373526 
0.65619462 119.10876380 
0.66145425 119.47071793 
0.66671389 119.82961511 
0.67197352 120.18547252 
0.67723316 120.53830708 
0.68249279 120.88813540 
0.68775242 121.23497384 
0.69301206 121.57883851 
0.69827169 121.91974523 
0.70353133 122.25770963 
0.70879096 122.59274705 
0.71405059 122.92487264 
0.71931023 123.25410129 
0.72456986 123.58044770 
0.72982950 123.90392633 
0.73508913 124.22455145 
0.74034876 124.54233713 
0.74560840 124.85729722 
0.75086803 125.16944540 
0.75612767 125.47879517 
0.76138730 125.78535982 
0.76664693 126.08915249 
0.77190657 126.39018613 
0.77716620 126.68847353 
0.78242584 126.98402730 
0.78768547 127.27685993 
0.79294510 127.56698370 
0.79820474 127.85441079 
0.80346437 128.13915319 
0.80872401 128.42122278 
0.81398364 128.70063126 
0.81924327 128.97739023 
0.82450291 129.25151114 
0.82976254 129.52300531 
0.83502218 129.79188392 
0.84028181 130.05815804 
0.84554145 130.32183862 
0.85080108 130.58293648 
0.85606071 130.84146233 
0.86132035 131.09742676 
0.86657998 131.35084026 
0.87183962 131.60171321 
0.87709925 131.85005586 
0.88235888 132.09587840 
0.88761852 132.33919088 
0.89287815 132.58000326 
0.89813779 132.81832542 
0.90339742 133.05416713 
0.90865705 133.28753807 
0.91391669 133.51844783 
0.91917632 133.74690591 
0.92443596 133.97292173 
0.92969559 134.19650462 
0.93495522 134.41766382 
0.94021486 134.63640851 
0.94547449 134.85274777 
0.95073413 135.06669060 
0.95599376 135.27824595 
0.96125339 135.48742267 
0.96651303 135.69422954 
0.97177266 135.89867528 
0.97703230 136.10076854 
0.98229193 136.30051788 
0.98755156 136.49793182 
0.99281120 136.69301880 
0.99807083 136.88578720 
1.00333047 137.07624534 
1.00859010 137.26440145 
1.01384973 137.45026375 
1.01910937 137.63384035 
1.02436900 137.81513934 
1.02962864 137.99416874 
1.03488827 138.17093649 
1.04014790 138.34545052 
1.04540754 138.51771868 
1.05066717 138.68774875 
1.05592681 138.85554850 
1.06118644 139.02112561 
1.06644607 139.18448775 
1.07170571 139.34564249 
1.07696534 139.50459741 
1.08222498 139.66135999 
1.08748461 139.81593769 
1.09274424 139.96833794 
1.09800388 140.11856809 
1.10326351 140.26663547 
1.10852315 140.41254736 
1.11378278 140.55631100 
1.11904241 140.69793359 
1.12430205 140.83742228 
1.12956168 140.97478419 
1.13482132 141.11002640 
1.14008095 141.24315595 
1.14534058 141.37417984 
1.15060022 141.50310503 
1.15585985 141.62993846 
1.16111949 141.75468702 
1.16637912 141.87735756 
1.17163876 141.99795691 
1.17689839 142.11649186 
1.18215802 142.23296916 
1.18741766 142.34739553 
1.19267729 142.45977767 
1.19793693 142.57012224 
1.20319656 142.67843586 
1.20845619 142.78472513 
1.21371583 142.88899663 
1.21897546 142.99125688 
1.22423510 143.09151239 
1.22949473 143.18976965 
1.23475436 143.28603511 
1.24001400 143.38031520 
1.24527363 143.47261630 
1.25053327 143.56294480 
1.25579290 143.65130703 
1.26105253 143.73770932 
1.26631217 143.82215795 
1.27157180 143.90465920 
1.27683144 143.98521931 
1.28209107 144.06384450 
1.28735070 144.14054096 
1.29261034 144.21531487 
1.29786997 144.28817237 
1.30312961 144.35911959 
1.30838924 144.42816264 
1.31364887 144.49530759 
1.31890851 144.56056051 
1.32416814 144.62392743 
1.32942778 144.68541438 
1.33468741 144.74502735 
1.33994704 144.80277231 
1.34520668 144.85865523 
1.35046631 144.91268204 
1.35572595 144.96485865 
1.36098558 145.01519097 
1.36624521 145.06368488 
1.37150485 145.11034623 
1.37676448 145.15518087 
1.38202412 145.19819462 
1.38728375 145.23939330 
1.39254338 145.27878268 
1.39780302 145.31636855 
1.40306265 145.35215665 
1.40832229 145.38615273 
1.41358192 145.41836250 
1.41884155 145.44879168 
1.42410119 145.47744595 
1.42936082 145.50433098 
1.43462046 145.52945244 
1.43988009 145.55281597 
1.44513972 145.57442719 
1.45039936 145.59429172 
1.45565899 145.61241516 
1.46091863 145.62880309 
1.46617826 145.64346108 
1.47143789 145.65639468 
1.47669753 145.66760944 
1.48195716 145.67711089 
1.48721680 145.68490454 
1.49247643 145.69099589 
1.49773607 145.69539043 
1.50299570 145.69809363 
1.50825533 145.69911096 
1.51351497 145.69844787 
1.51877460 145.69610979 
1.52403424 145.69210215 
1.52929387 145.68643037 
1.53455350 145.67909984 
1.53981314 145.67011595 
1.54507277 145.65948408 
1.55033241 145.64720960 
1.55559204 145.63329787 
1.56085167 145.61775422 
1.56611131 145.60058399 
1.57137094 145.58179250 
1.57663058 145.56138507 
1.58189021 145.53936699 
1.58714984 145.51574356 
1.59240948 145.49052005 
1.59766911 145.46370174 
1.60292875 145.43529388 
1.60818838 145.40530173 
1.61344801 145.37373053 
1.61870765 145.34058550 
1.62396728 145.30587187 
1.62922692 145.26959485 
1.63448655 145.23175965 
1.63974618 145.19237145 
1.64500582 145.15143544 
1.65026545 145.10895679 
1.65552509 145.06494068 
1.66078472 145.01939226 
1.66604435 144.97231668 
1.67130399 144.92371908 
1.67656362 144.87360459 
1.68182326 144.82197834 
1.68708289 144.76884544 
1.69234252 144.71421100 
1.69760216 144.65808012 
1.70286179 144.60045790 
1.70812143 144.54134941 
1.71338106 144.48075973 
1.71864069 144.41869394 
1.72390033 144.35515709 
1.72915996 144.29015424 
1.73441960 144.22369043 
1.73967923 144.15577071 
1.74493886 144.08640010 
1.75019850 144.01558363 
1.75545813 143.94332632 
1.76071777 143.86963318 
1.76597740 143.79450921 
1.77123703 143.71795942 
1.77649667 143.63998879 
1.78175630 143.56060230 
1.78701594 143.47980494 
1.79227557 143.39760168 
1.79753520 143.31399748 
1.80279484 143.22899729 
1.80805447 143.14260608 
1.81331411 143.05482879 
1.81857374 142.96567035 
1.82383337 142.87513571 
1.82909301 142.78322979 
1.83435264 142.68995752 
1.83961228 142.59532380 
1.84487191 142.49933355 
1.85013155 142.40199168 
1.85539118 142.30330308 
1.86065081 142.20327266 
1.86591045 142.10190528 
1.87117008 141.99920585 
1.87642972 141.89517924 
1.88168935 141.78983032 
1.88694898 141.68316395 
1.89220862 141.57518500 
1.89746825 141.46589833 
1.90272789 141.35530878 
1.90798752 141.24342121 
1.91324715 141.13024045 
1.91850679 141.01577134 
1.92376642 140.90001872 
1.92902606 140.78298740 
1.93428569 140.66468221 
1.93954532 140.54510797 
1.94480496 140.42426950 
1.95006459 140.30217159 
1.95532423 140.17881905 
1.96058386 140.05421668 
1.96584349 139.92836928 
1.97110313 139.80128164 
1.97636276 139.67295853 
1.98162240 139.54340475 
1.98688203 139.41262507 
1.99214166 139.28062425 
1.99740130 139.14740708 
2.00266093 139.01297831 
2.00792057 138.87734270 
2.01318020 138.74050501 
2.01843983 138.60246999 
2.02369947 138.46324239 
2.02895910 138.32282696 
2.03421874 138.18122843 
2.03947837 138.03845153 
2.04473800 137.89450101 
2.04999764 137.74938159 
2.05525727 137.60309799 
2.06051691 137.45565493 
2.06577654 137.30705714 
2.07103617 137.15730932 
2.07629581 137.00641619 
2.08155544 136.85438245 
2.08681508 136.70121280 
2.09207471 136.54691195 
2.09733434 136.39148458 
2.10259398 136.23493540 
2.10785361 136.07726908 
2.11311325 135.91849032 
2.11837288 135.75860380 
2.12363251 135.59761420 
2.12889215 135.43552618 
2.13415178 135.27234443 
2.13941142 135.10807360 
2.14467105 134.94271838 
2.14993068 134.77628341 
2.15519032 134.60877337 
2.16044995 134.44019290 
2.16570959 134.27054666 
2.17096922 134.09983929 
2.17622886 133.92807545 
2.18148849 133.75525978 
2.18674812 133.58139692 
2.19200776 133.40649151 
2.19726739 133.23054818 
2.20252703 133.05357156 
2.20778666 132.87556629 
2.21304629 132.69653699 
2.21830593 132.51648829 
2.22356556 132.33542480 
2.22882520 132.15335114 
2.23408483 131.97027193 
2.23934446 131.78619179 
2.24460410 131.60111531 
2.24986373 131.41504711 
2.25512337 131.22799179 
2.26038300 131.03995396 
2.26564263 130.85093821 
2.27090227 130.66094914 
2.27616190 130.46999135 
2.28142154 130.27806942 
2.28668117 130.08518794 
2.29194080 129.89135151 
2.29720044 129.69656470 
2.30246007 129.50083210 
2.30771971 129.30415828 
2.31297934 129.10654783 
2.31823897 128.90800531 
2.32349861 128.70853530 
2.32875824 128.50814238 
2.33401788 128.30683109 
2.33927751 128.10460602 
2.34453714 127.90147172 
2.34979678 127.69743275 
2.35505641 127.49249368 
2.36031605 127.28665905 
2.36557568 127.07993343 
2.37083531 126.87232135 
2.37609495 126.66382738 
2.38135458 126.45445606 
2.38661422 126.24421193 
2.39187385 126.03309953 
2.39713348 125.82112341 
2.40239312 125.60828811 
2.40765275 125.39459816 
2.41291239 125.18005810 
2.41817202 124.96467245 
2.42343165 124.74844575 
2.42869129 124.53138253 
2.43395092 124.31348731 
2.43921056 124.09476462 
2.44447019 123.87521898 
2.44972982 123.65485491 
2.45498946 123.43367692 
2.46024909 123.21168954 
2.46550873 122.98889728 
2.47076836 122.76530465 
2.47602799 122.54091617 
2.48128763 122.31573633 
2.48654726 122.08976965 
2.49180690 121.86302063 
2.49706653 121.63549378 
2.50232617 121.40719360 
2.50758580 121.17812459 
2.51284543 120.94829124 
2.51810507 120.71769805 
2.52336470 120.48634952 
2.52862434 120.25425013 
2.53388397 120.02140439 
2.53914360 119.78781677 
2.54440324 119.55349176 
2.54966287 119.31843386 
2.55492251 119.08264754 
2.56018214 118.84613729 
2.56544177 118.60890759 
2.57070141 118.37096292 
2.57596104 118.13230775 
2.58122068 117.89294655 
2.58648031 117.65288382 
2.59173994 117.41212401 
2.59699958 117.17067159 
2.60225921 116.92853104 
2.60751885 116.68570683 
2.61277848 116.44220342 
2.61803811 116.19802527 
2.62329775 115.95317685 
2.62855738 115.70766261 
2.63381702 115.46148703 
2.63907665 115.21465456 
2.64433628 114.96716965 
2.64959592 114.71903676 
2.65485555 114.47026034 
2.66011519 114.22084485 
2.66537482 113.97079474 
2.67063445 113.72011446 
2.67589409 113.46880845 
2.68115372 113.21688116 
2.68641336 112.96433704 
2.69167299 112.71118054 
2.69693262 112.45741608 
2.70219226 112.20304812 
2.70745189 111.94808110 
2.71271153 111.69251944 
2.71797116 111.43636760 
2.72323079 111.17963000 
2.72849043 110.92231109 
2.73375006 110.66441528 
2.73900970 110.40594702 
2.74426933 110.14691073 
2.74952896 109.88731084 
2.75478860 109.62715179 
2.76004823 109.36643799 
2.76530787 109.10517387 
2.77056750 108.84336386 
2.77582713 108.58101238 
2.78108677 108.31812384 
2.78634640 108.05470267 
2.79160604 107.79075329 
2.79686567 107.52628012 
2.80212530 107.26128756 
2.80738494 106.99578004 
2.81264457 106.72976197 
2.81790421 106.46323776 
2.82316384 106.19621183 
2.82842348 105.92868857 
2.83368311 105.66067241 
2.83894274 105.39216775 
2.84420238 105.12317899 
2.84946201 104.85371054 
2.85472165 104.58376681 
2.85998128 104.31335219 
2.86524091 104.04247110 
2.87050055 103.77112792 
2.87576018 103.49932706 
2.88101982 103.22707292 
2.88627945 102.95436990 
2.89153908 102.68122239 
2.89679872 102.40763478 
2.90205835 102.13361147 
2.90731799 101.85915686 
2.91257762 101.58427533 
2.91783725 101.30897127 
2.92309689 101.03324907 
2.92835652 100.75711313 
2.93361616 100.48056783 
2.93887579 100.20361756 
2.94413542 99.92626669 
2.94939506 99.64851962 
2.95465469 99.37038073 
2.95991433 99.09185439 
2.96517396 98.81294500 
2.97043359 98.53365693 
2.97569323 98.25399455 
2.98095286 97.97396226 
2.98621250 97.69356442 
2.99147213 97.41280540 
2.99673176 97.13168959 
3.00199140 96.85022136 
3.00725103 96.56840508 
3.01251067 96.28624513 
3.01777030 96.00374586 
3.02302993 95.72091166 
3.02828957 95.43774689 
3.03354920 95.15425592 
3.03880884 94.87044312 
3.04406847 94.58631285 
3.04932810 94.30186948 
3.05458774 94.01711737 
3.05984737 93.73206088 
3.06510701 93.44670437 
3.07036664 93.16105222 
3.07562627 92.87510877 
3.08088591 92.58887839 
3.08614554 92.30236544 
3.09140518 92.01557426 
3.09666481 91.72850923 
3.10192444 91.44117469 
3.10718408 91.15357499 
3.11244371 90.86571450 
3.11770335 90.57759757 
3.12296298 90.28922854 
3.12822261 90.00061177 
3.13348225 89.71175161 
3.13874188 89.42265241 
3.14400152 89.13331851 
3.14926115 88.84375426 
3.15452079 88.55396402 
3.15978042 88.26395212 
3.16504005 87.97372291 
3.17029969 87.68328073 
3.17555932 87.39262993 
3.18081896 87.10177485 
3.18607859 86.81071983 
3.19133822 86.51946922 
3.19659786 86.22802734 
3.20185749 85.93639854 
3.20711713 85.64458716 
3.21237676 85.35259754 
3.21763639 85.06043401 
3.22289603 84.76810090 
3.22815566 84.47560256 
3.23341530 84.18294331 
3.23867493 83.89012748 
3.24393456 83.59715942 
3.24919420 83.30404345 
3.25445383 83.01078391 
3.25971347 82.71738511 
3.26497310 82.42385140 
3.27023273 82.13018709 
3.27549237 81.83639653 
3.28075200 81.54248402 
3.28601164 81.24845391 
3.29127127 80.95431050 
3.29653090 80.66005814 
3.30179054 80.36570114 
3.30705017 80.07124382 
3.31230981 79.77669051 
3.31756944 79.48204552 
3.32282907 79.18731319 
3.32808871 78.89249782 
3.33334834 78.59760373 
3.33860798 78.30263525 
3.34386761 78.00759669 
3.34912724 77.71249237 
3.35438688 77.41732661 
3.35964651 77.12210371 
3.36490615 76.82682799 
3.37016578 76.53150377 
3.37542541 76.23613536 
3.38068505 75.94072707 
3.38594468 75.64528321 
3.39120432 75.34980810 
3.39646395 75.05430604 
3.40172358 74.75878134 
3.40698322 74.46323831 
3.41224285 74.16768126 
3.41750249 73.87211449 
3.42276212 73.57654231 
3.42802175 73.28096904 
3.43328139 72.98539896 
3.43854102 72.68983639 
3.44380066 72.39428563 
3.44906029 72.09875097 
3.45431992 71.80323674 
3.45957956 71.50774721 
3.46483919 71.21228671 
3.47009883 70.91685951 
3.47535846 70.62146994 
3.48061809 70.32612227 
3.48587773 70.03082082 
3.49113736 69.73556987 
3.49639700 69.44037373 
3.50165663 69.14523668 
3.50691627 68.85016303 
3.51217590 68.55515707 
3.51743553 68.26022310 
3.52269517 67.96536540 
3.52795480 67.67058826 
3.53321444 67.37589599 
3.53847407 67.08129287 
3.54373370 66.78678319 
3.54899334 66.49237123 
3.55425297 66.19806130 
3.55951261 65.90385768 
3.56477224 65.60976465 
3.57003187 65.31578650 
3.57529151 65.02192753 
3.58055114 64.72819201 
3.58581078 64.43458422 
3.59107041 64.14110846 
3.59633004 63.84776901 
3.60158968 63.55457015 
3.60684931 63.26151616 
3.61210895 62.96861133 
3.61736858 62.67585993 
3.62262821 62.38326625 
3.62788785 62.09083457 
3.63314748 61.79856916 
3.63840712 61.50647431 
3.64366675 61.21455429 
3.64892638 60.92281337 
3.65418602 60.63125585 
3.65944565 60.33988598 
3.66470529 60.04870806 
3.66996492 59.75772634 
3.67522455 59.46694512 
3.68048419 59.17636865 
3.68574382 58.88600121 
3.69100346 58.59584708 
3.69626309 58.30591053 
3.70152272 58.01619583 
3.70678236 57.72670725 
3.71204199 57.43744905 
3.71730163 57.14842551 
3.72256126 56.85964090 
3.72782089 56.57109948 
3.73308053 56.28280552 
3.73834016 55.99476330 
3.74359980 55.70697707 
3.74885943 55.41945109 
3.75411906 55.13218965 
3.75937870 54.84519699 
3.76463833 54.55847739 
3.76989797 54.27203510 
3.77515760 53.98587440 
3.78041723 53.69999953 
3.78567687 53.41441477 
3.79093650 53.12912437 
3.79619614 52.84413259 
3.80145577 52.55944370 
3.80671540 52.27506196 
3.81197504 51.99099161 
3.81723467 51.70723692 
3.82249431 51.42380215 
3.82775394 51.14069155 
3.83301358 50.85790938 
3.83827321 50.57545989 
3.84353284 50.29334735 
3.84879248 50.01157599 
3.85405211 49.73015009 
3.85931175 49.44907389 
3.86457138 49.16835164 
3.86983101 48.88798759 
3.87509065 48.60798601 
3.88035028 48.32835113 
3.88560992 48.04908721 
3.89086955 47.77019850 
3.89612918 47.49168925 
3.90138882 47.21356370 
3.90664845 46.93582611 
3.91190809 46.65848071 
3.91716772 46.38153177 
3.92242735 46.10498352 
3.92768699 45.82884022 
3.93294662 45.55310610 
3.93820626 45.27778541 
3.94346589 45.00288240 
3.94872552 44.72840130 
3.95398516 44.45434637 
3.95924479 44.18072184 
3.96450443 43.90753196 
3.96976406 43.63478096 
3.97502369 43.36247310 
3.98028333 43.09061260 
3.98554296 42.81920371 
3.99080260 42.54825067 
3.99606223 42.27775772 
4.00132186 42.00772908 
4.00658150 41.73816902 
4.01184113 41.46908175 
4.01710077 41.20047151 
4.02236040 40.93234255 
4.02762003 40.66469909 
4.03287967 40.39754537 
4.03813930 40.13088563 
4.04339894 39.86472410 
4.04865857 39.59906501 
4.05391820 39.33391259 
4.05917784 39.06927109 
4.06443747 38.80514472 
4.06969711 38.54153772 
4.07495674 38.27845432 
4.08021637 38.01589875 
4.08547601 37.75387524 
4.09073564 37.49238801 
4.09599528 37.23144131 
4.10125491 36.97103935 
4.10651454 36.71118636 
4.11177418 36.45188656 
4.11703381 36.19314420 
4.12229345 35.93496348 
4.12755308 35.67734864 
4.13281271 35.42030390 
4.13807235 35.16383348 
4.14333198 34.90794161 
4.14859162 34.65263251 
4.15385125 34.39791040 
4.15911089 34.14377951 
4.16437052 33.89024406 
4.16963015 33.63730826 
4.17488979 33.38497634 
4.18014942 33.13325252 
4.18540906 32.88214101 
4.19066869 32.63164604 
4.19592832 32.38177183 
4.20118796 32.13252258 
4.20644759 31.88390253 
4.21170723 31.63591588 
4.21696686 31.38856686 
4.22222649 31.14185967 
4.22748613 30.89579854 
4.23274576 30.65038767 
4.23800540 30.40563129 
4.24326503 30.16153360 
4.24852466 29.91809882 
4.25378430 29.67533116 
4.25904393 29.43323484 
4.26430357 29.19181406 
4.26956320 28.95107303 
4.27482283 28.71101598 
4.28008247 28.47164710 
4.28534210 28.23297061 
4.29060174 27.99499071 
4.29586137 27.75771162 
4.30112100 27.52113753 
4.30638064 27.28527267 
4.31164027 27.05012124 
4.31689991 26.81568744 
4.32215954 26.58197547 
4.32741917 26.34898955 
4.33267881 26.11673389 
4.33793844 25.88521267 
4.34319808 25.65443011 
4.34845771 25.42439042 
4.35371734 25.19509779 
4.35897698 24.96655642 
4.36423661 24.73877053 
4.36949625 24.51174430 
4.37475588 24.28548195 
4.38001551 24.05998766 
4.38527515 23.83526565 
4.39053478 23.61132011 
4.39579442 23.38815524 
4.40105405 23.16577524 
4.40631368 22.94418430 
4.41157332 22.72338663 
4.41683295 22.50338642 
4.42209259 22.28418786 
4.42735222 22.06579516 
4.43261185 21.84821251 
4.43787149 21.63144410 
4.44313112 21.41549413 
4.44839076 21.20036678 
4.45365039 20.98606627 
4.45891002 20.77259677 
4.46416966 20.55996248 
4.46942929 20.34816760 
4.47468893 20.13721631 
4.47994856 19.92711280 
4.48520820 19.71786127 
4.49046783 19.50946591 
4.49572746 19.30193090 
4.50098710 19.09526043 
4.50624673 18.88945870 
4.51150637 18.68452989 
4.51676600 18.48047818 
4.52202563 18.27730777 
4.52728527 18.07502284 
4.53254490 17.87362758 
4.53780454 17.67312617 
4.54306417 17.47352280 
4.54832380 17.27482165 
4.55358344 17.07702691 
4.55884307 16.88014276 
4.56410271 16.68417338 
4.56936234 16.48912296 
4.57462197 16.29499568 
4.57988161 16.10179572 
4.58514124 15.90952725 
4.59040088 15.71819447 
4.59566051 15.52780155 
4.60092014 15.33835267 
4.60617978 15.14985202 
4.61143941 14.96230376 
4.61669905 14.77571208 
4.62195868 14.59008115 
4.62721831 14.40541516 
4.63247795 14.22171827 
4.63773758 14.03899468 
4.64299722 13.85724854 
4.64825685 13.67648404 
4.65351648 13.49670535 
4.65877612 13.31791664 
4.66403575 13.14012210 
4.66929539 12.96332589 
4.67455502 12.78753218 
4.67981465 12.61274515 
4.68507429 12.43896898 
4.69033392 12.26620782 
4.69559356 12.09446585 
4.70085319 11.92374725 
4.70611282 11.75405618 
4.71137246 11.58539682 
4.71663209 11.41777332 
4.72189173 11.25118987 
4.72715136 11.08565062 
4.73241099 10.92115975 
4.73767063 10.75772142 
4.74293026 10.59533979 
4.74818990 10.43401905 
4.75344953 10.27376334 
4.75870916 10.11457684 
4.76396880 9.95646371 
4.76922843 9.79942812 
4.77448807 9.64347422 
4.77974770 9.48860619 
4.78500733 9.33482818 
4.79026697 9.18214436 
4.79552660 9.03055888 
4.80078624 8.88007591 
4.80604587 8.73069962 
4.81130551 8.58243415 
4.81656514 8.43528368 
4.82182477 8.28925236 
4.82708441 8.14434434 
4.83234404 8.00056379 
4.83760368 7.85791487 
4.84286331 7.71640173 
4.84812294 7.57602853 
4.85338258 7.43679943 
4.85864221 7.29871858 
4.86390185 7.16179013 
4.86916148 7.02601825 
4.87442111 6.89140709 
4.87968075 6.75796080 
4.88494038 6.62568353 
4.89020002 6.49457944 
4.89545965 6.36465268 
4.90071928 6.23590741 
4.90597892 6.10834777 
4.91123855 5.98197791 
4.91649819 5.85680200 
4.92175782 5.73282416 
4.92701745 5.61004857 
4.93227709 5.48847936 
4.93753672 5.36812069 
4.94279636 5.24897670 
4.94805599 5.13105155 
4.95331562 5.01434937 
4.95857526 4.89887432 
4.96383489 4.78463054 
4.96909453 4.67162217 
4.97435416 4.55985337 
4.97961379 4.44932828 
4.98487343 4.34005105 
4.99013306 4.23202581 
4.99539270 4.12525671 
5.00065233 4.01974789 
5.00591196 3.91550350 
5.01117160 3.81252768 
5.01643123 3.71082457 
5.02169087 3.61039832 
5.02695050 3.51125305 
5.03221013 3.41339292 
5.03746977 3.31682206 
5.04272940 3.22154461 
5.04798904 3.12756471 
5.05324867 3.03488650 
5.05850830 2.94351412 
5.06376794 2.85345170 
5.06902757 2.76470339 
5.07428721 2.67727331 
5.07954684 2.59116560 
5.08480647 2.50638441 
5.09006611 2.42293385 
5.09532574 2.34081808 
5.10058538 2.26004122 
5.10584501 2.18060740 
5.11110464 2.10252077 
5.11636428 2.02578545 
5.12162391 1.95040557 
5.12688355 1.87638526 
5.13214318 1.80372867 
5.13740281 1.73243991 
5.14266245 1.66252312 
5.14792208 1.59398243 
5.15318172 1.52682196 
5.15844135 1.46104585 
5.16370099 1.39665822 
5.16896062 1.33366321 
5.17422025 1.27206494 
5.17947989 1.21186753 
5.18473952 1.15307512 
5.18999916 1.09569182 
5.19525879 1.03972177 
5.20051842 0.98516909 
5.20577806 0.93203790 
5.21103769 0.88033233 
5.21629733 0.83005651 
5.22155696 0.78121454 
5.22681659 0.73381057 
5.23207623 0.68784870 
5.23733586 0.64333307 
5.24259550 0.60026778 
5.24785513 0.55865697 
5.25311476 0.51850476 
5.25837440 0.47981525 
5.26363403 0.44259258 
5.26889367 0.40684086 
5.27415330 0.37256421 
5.27941293 0.33976675 
5.28467257 0.30845259 
5.28993220 0.27862586 
5.29519184 0.25029066 
5.30045147 0.22345112 
5.30571110 0.19811134 
5.31097074 0.17427545 
5.31623037 0.15194756 
5.32149001 0.13113178 
5.32674964 0.11183223 
5.33200927 0.09405302 
5.33726891 0.07779827 
5.34252854 0.06307207 
5.34778818 0.04987855 
5.35304781 0.03822182 
5.35830744 0.02810599 
5.36356708 0.01953517 
5.36882671 0.01251346 
5.37408635 0.00704498 
5.37934598 0.00313384 
5.38460561 0.00078415 
5.38986525 0.00000000 
