0.00400000 28.63379132 
0.00925963 31.40037101 
0.01451927 34.29602842 
0.01977890 37.13824432 
0.02503854 39.92268113 
0.03029817 42.66389542 
0.03555780 45.37639020 
0.04081744 48.07208744 
0.04607707 50.76045270 
0.05133671 53.44899954 
0.05659634 56.14375026 
0.06185597 58.84959252 
0.06711561 61.57054418 
0.07237524 64.30994872 
0.07763488 67.07062032 
0.08289451 69.85495245 
0.08815414 72.66500042 
0.09341378 75.50254465 
0.09867341 78.36913984 
0.10393305 81.26615360 
0.10919268 84.19479711 
0.11445231 87.15614968 
0.11971195 90.15117861 
0.12497158 93.18075542 
0.13023122 96.24566915 
0.13549085 99.34663740 
0.14075048 102.48431549 
0.14601012 105.65930420 
0.15126975 108.87215628 
0.15652939 112.12338193 
0.16178902 115.41345356 
0.16704865 118.74280976 
0.17230829 122.11185886 
0.17756792 125.52098185 
0.18282756 128.97053504 
0.18808719 132.46085230 
0.19334683 135.99224709 
0.19860646 139.56501418 
0.20386609 143.17943119 
0.20912573 146.83575993 
0.21438536 150.53424767 
0.21964500 154.27512814 
0.22490463 158.05862252 
0.23016426 161.88494028 
0.23542390 165.75427999 
0.24068353 169.66682991 
0.24594317 173.62276872 
0.25120280 177.62226599 
0.25646243 181.66548275 
0.26172207 185.75257190 
0.26698170 189.88367866 
0.27224134 194.05894091 
0.27750097 198.27848958 
0.28276060 202.54244894 
0.28802024 206.85093687 
0.29327987 211.20406517 
0.29853951 215.60193977 
0.30379914 220.04466096 
0.30905877 224.53232359 
0.31431841 229.06501728 
0.31957804 233.64282658 
0.32483768 238.26583113 
0.33009731 242.93410582 
0.33535694 247.64772093 
0.34061658 252.40674224 
0.34587621 257.21123118 
0.35113585 262.06124494 
0.35639548 266.95683654 
0.36165511 271.89805498 
0.36691475 276.88494530 
0.37217438 281.91754867 
0.37743402 286.99590248 
0.38269365 292.12004040 
0.38795328 297.28999249 
0.39321292 302.50578522 
0.39847255 307.76744157 
0.40373219 313.07498106 
0.40899182 318.42841986 
0.41425145 323.82777077 
0.41951109 329.27304334 
0.42477072 334.76424387 
0.43003036 340.30137549 
0.43528999 345.88443819 
0.44054962 351.51342886 
0.44580926 357.18834134 
0.45106889 362.90916644 
0.45632853 368.67589201 
0.46158816 374.48850294 
0.46684779 380.34698121 
0.47210743 386.25130592 
0.47736706 392.20145334 
0.48262670 398.19739691 
0.48788633 404.23910727 
0.49314596 410.32655232 
0.49840560 416.45969723 
0.50366523 422.63850443 
0.50892487 428.86293371 
0.51418450 435.13294218 
0.51944414 441.44848431 
0.52470377 447.80951197 
0.52996340 454.21597445 
0.53522304 460.66781845 
0.54048267 467.16498814 
0.54574231 473.70742515 
0.55100194 480.29506863 
0.55626157 486.92785521 
0.56152121 493.60571907 
0.56678084 500.32859195 
0.57204048 507.09640313 
0.57730011 513.90907951 
0.58255974 520.76654556 
0.58781938 527.66872340 
0.59307901 534.61553276 
0.59833865 541.60689104 
0.60359828 548.64271331 
0.60885791 555.72291231 
0.61411755 562.84739849 
0.61937718 570.01608002 
0.62463682 577.22886278 
0.62989645 584.48565042 
0.63515608 591.78634432 
0.64041572 599.13084366 
0.64567535 606.51904540 
0.65093499 613.95084427 
0.65619462 621.42613286 
0.66145425 628.94480156 
0.66671389 636.50673860 
0.67197352 644.11183008 
0.67723316 651.75995994 
0.68249279 659.45101004 
0.68775242 667.18486009 
0.69301206 674.96138773 
0.69827169 682.78046850 
0.70353133 690.64197588 
0.70879096 698.54578130 
0.71405059 706.49175412 
0.71931023 714.47976169 
0.72456986 722.50966931 
0.72982950 730.58134029 
0.73508913 738.69463594 
0.74034876 746.84941557 
0.74560840 755.04553651 
0.75086803 763.28285415 
0.75612767 771.56122191 
0.76138730 779.88049125 
0.76664693 788.24051173 
0.77190657 796.64113097 
0.77716620 805.08219470 
0.78242584 813.56354671 
0.78768547 822.08502896 
0.79294510 830.64648149 
0.79820474 839.24774249 
0.80346437 847.88864829 
0.80872401 856.56903338 
0.81398364 865.28873042 
0.81924327 874.04757024 
0.82450291 882.84538185 
0.82976254 891.68199249 
0.83502218 900.55722756 
0.84028181 909.47091072 
0.84554145 918.42286384 
0.85080108 927.41290704 
0.85606071 936.44085867 
0.86132035 945.50653537 
0.86657998 954.60975202 
0.87183962 963.75032179 
0.87709925 972.92805617 
0.88235888 982.14276490 
0.88761852 991.39425608 
0.89287815 1000.68233609 
0.89813779 1010.00680967 
0.90339742 1019.36747988 
0.90865705 1028.76414816 
0.91391669 1038.19661428 
0.91917632 1047.66467640 
0.92443596 1057.16813105 
0.92969559 1066.70677316 
0.93495522 1076.28039607 
0.94021486 1085.88879150 
0.94547449 1095.53174961 
0.95073413 1105.20905901 
0.95599376 1114.92050671 
0.96125339 1124.66587820 
0.96651303 1134.44495741 
0.97177266 1144.25752677 
0.97703230 1154.10336715 
0.98229193 1163.98225793 
0.98755156 1173.89397700 
0.99281120 1183.83830073 
0.99807083 1193.81500403 
1.00333047 1203.82386034 
1.00859010 1213.86464162 
1.01384973 1223.93711839 
1.01910937 1234.04105973 
1.02436900 1244.17623326 
1.02962864 1254.34240522 
1.03488827 1264.53934039 
1.04014790 1274.76680219 
1.04540754 1285.02455259 
1.05066717 1295.31235224 
1.05592681 1305.62996036 
1.06118644 1315.97713482 
1.06644607 1326.35363215 
1.07170571 1336.75920750 
1.07696534 1347.19361472 
1.08222498 1357.65660631 
1.08748461 1368.14793343 
1.09274424 1378.66734598 
1.09800388 1389.21459253 
1.10326351 1399.78942034 
1.10852315 1410.39157544 
1.11378278 1421.02080254 
1.11904241 1431.67684511 
1.12430205 1442.35944537 
1.12956168 1453.06834429 
1.13482132 1463.80328161 
1.14008095 1474.56399583 
1.14534058 1485.35022426 
1.15060022 1496.16170298 
1.15585985 1506.99816690 
1.16111949 1517.85934971 
1.16637912 1528.74498396 
1.17163876 1539.65480099 
1.17689839 1550.58853102 
1.18215802 1561.54590309 
1.18741766 1572.52664512 
1.19267729 1583.53048390 
1.19793693 1594.55714507 
1.20319656 1605.60635320 
1.20845619 1616.67783172 
1.21371583 1627.77130299 
1.21897546 1638.88648828 
1.22423510 1650.02310777 
1.22949473 1661.18088059 
1.23475436 1672.35952483 
1.24001400 1683.55875749 
1.24527363 1694.77829456 
1.25053327 1706.01785101 
1.25579290 1717.27714078 
1.26105253 1728.55587678 
1.26631217 1739.85377095 
1.27157180 1751.17053422 
1.27683144 1762.50587656 
1.28209107 1773.85950694 
1.28735070 1785.23113338 
1.29261034 1796.62046294 
1.29786997 1808.02720175 
1.30312961 1819.45105499 
1.30838924 1830.89172691 
1.31364887 1842.34892086 
1.31890851 1853.82233927 
1.32416814 1865.31168367 
1.32942778 1876.81665471 
1.33468741 1888.33695214 
1.33994704 1899.87227487 
1.34520668 1911.42232092 
1.35046631 1922.98678747 
1.35572595 1934.56537086 
1.36098558 1946.15776658 
1.36624521 1957.76366932 
1.37150485 1969.38277293 
1.37676448 1981.01477046 
1.38202412 1992.65935418 
1.38728375 2004.31621555 
1.39254338 2015.98504526 
1.39780302 2027.66553324 
1.40306265 2039.35736863 
1.40832229 2051.06023985 
1.41358192 2062.77383456 
1.41884155 2074.49783970 
1.42410119 2086.23194147 
1.42936082 2097.97582538 
1.43462046 2109.72917620 
1.43988009 2121.49167804 
1.44513972 2133.26301429 
1.45039936 2145.04286769 
1.45565899 2156.83092030 
1.46091863 2168.62685351 
1.46617826 2180.43034807 
1.47143789 2192.24108410 
1.47669753 2204.05874107 
1.48195716 2215.88299784 
1.48721680 2227.71353263 
1.49247643 2239.55002310 
1.49773607 2251.39214627 
1.50299570 2263.23957861 
1.50825533 2275.09199598 
1.51351497 2286.94907370 
1.51877460 2298.81048652 
1.52403424 2310.67590863 
1.52929387 2322.54501370 
1.53455350 2334.41747486 
1.53981314 2346.29296470 
1.54507277 2358.17115533 
1.55033241 2370.05171833 
1.55559204 2381.93432480 
1.56085167 2393.81864534 
1.56611131 2405.70435009 
1.57137094 2417.59110871 
1.57663058 2429.47859040 
1.58189021 2441.36646393 
1.58714984 2453.25439760 
1.59240948 2465.14205932 
1.59766911 2477.02911653 
1.60292875 2488.91523629 
1.60818838 2500.80008525 
1.61344801 2512.68332966 
1.61870765 2524.56463539 
1.62396728 2536.44366793 
1.62922692 2548.32009240 
1.63448655 2560.19357357 
1.63974618 2572.06377586 
1.64500582 2583.93036334 
1.65026545 2595.79299976 
1.65552509 2607.65134854 
1.66078472 2619.50507280 
1.66604435 2631.35383535 
1.67130399 2643.19729870 
1.67656362 2655.03512507 
1.68182326 2666.86697642 
1.68708289 2678.69251445 
1.69234252 2690.51140056 
1.69760216 2702.32329595 
1.70286179 2714.12786155 
1.70812143 2725.92475808 
1.71338106 2737.71364600 
1.71864069 2749.49418561 
1.72390033 2761.26603697 
1.72915996 2773.02885996 
1.73441960 2784.78231426 
1.73967923 2796.52605939 
1.74493886 2808.25975470 
1.75019850 2819.98305938 
1.75545813 2831.69563247 
1.76071777 2843.39713286 
1.76597740 2855.08721932 
1.77123703 2866.76555051 
1.77649667 2878.43178496 
1.78175630 2890.08558109 
1.78701594 2901.72659725 
1.79227557 2913.35449168 
1.79753520 2924.96892255 
1.80279484 2936.56954798 
1.80805447 2948.15602601 
1.81331411 2959.72801464 
1.81857374 2971.28517183 
1.82383337 2982.82715550 
1.82909301 2994.35362356 
1.83435264 3005.86423390 
1.83961228 3017.35864441 
1.84487191 3028.83651298 
1.85013155 3040.29749751 
1.85539118 3051.74125594 
1.86065081 3063.16744622 
1.86591045 3074.57572637 
1.87117008 3085.96575443 
1.87642972 3097.33718851 
1.88168935 3108.68968679 
1.88694898 3120.02290754 
1.89220862 3131.33650909 
1.89746825 3142.63014989 
1.90272789 3153.90348848 
1.90798752 3165.15618351 
1.91324715 3176.38789376 
1.91850679 3187.59827815 
1.92376642 3198.78699573 
1.92902606 3209.95370570 
1.93428569 3221.09806741 
1.93954532 3232.21974040 
1.94480496 3243.31838436 
1.95006459 3254.39365920 
1.95532423 3265.44522498 
1.96058386 3276.47274201 
1.96584349 3287.47587078 
1.97110313 3298.45427201 
1.97636276 3309.40760666 
1.98162240 3320.33553591 
1.98688203 3331.23772122 
1.99214166 3342.11382428 
1.99740130 3352.96350705 
2.00266093 3363.78643179 
2.00792057 3374.58226101 
2.01318020 3385.35065753 
2.01843983 3396.09128449 
2.02369947 3406.80380531 
2.02895910 3417.48788376 
2.03421874 3428.14318391 
2.03947837 3438.76937020 
2.04473800 3449.36610740 
2.04999764 3459.93306063 
2.05525727 3470.46989540 
2.06051691 3480.97627757 
2.06577654 3491.45187340 
2.07103617 3501.89634954 
2.07629581 3512.30937303 
2.08155544 3522.69061134 
2.08681508 3533.03973235 
2.09207471 3543.35640436 
2.09733434 3553.64029613 
2.10259398 3563.89107684 
2.10785361 3574.10841615 
2.11311325 3584.29198417 
2.11837288 3594.44145149 
2.12363251 3604.55648918 
2.12889215 3614.63676880 
2.13415178 3624.68196242 
2.13941142 3634.69174261 
2.14467105 3644.66578246 
2.14993068 3654.60375560 
2.15519032 3664.50533618 
2.16044995 3674.37019889 
2.16570959 3684.19801901 
2.17096922 3693.98847234 
2.17622886 3703.74123529 
2.18148849 3713.45598482 
2.18674812 3723.13239851 
2.19200776 3732.77015451 
2.19726739 3742.36893160 
2.20252703 3751.92840917 
2.20778666 3761.44826724 
2.21304629 3770.92818646 
2.21830593 3780.36784813 
2.22356556 3789.76693419 
2.22882520 3799.12512726 
2.23408483 3808.44211063 
2.23934446 3817.71756825 
2.24460410 3826.95118479 
2.24986373 3836.14264559 
2.25512337 3845.29163670 
2.26038300 3854.39784491 
2.26564263 3863.46095772 
2.27090227 3872.48066335 
2.27616190 3881.45665078 
2.28142154 3890.38860975 
2.28668117 3899.27623074 
2.29194080 3908.11920500 
2.29720044 3916.91722458 
2.30246007 3925.66998230 
2.30771971 3934.37717179 
2.31297934 3943.03848746 
2.31823897 3951.65362457 
2.32349861 3960.22227917 
2.32875824 3968.74414817 
2.33401788 3977.21892930 
2.33927751 3985.64632115 
2.34453714 3994.02602318 
2.34979678 4002.35773568 
2.35505641 4010.64115987 
2.36031605 4018.87599782 
2.36557568 4027.06195251 
2.37083531 4035.19872780 
2.37609495 4043.28602850 
2.38135458 4051.32356032 
2.38661422 4059.31102990 
2.39187385 4067.24814482 
2.39713348 4075.13461361 
2.40239312 4082.97014577 
2.40765275 4090.75445175 
2.41291239 4098.48724298 
2.41817202 4106.16823188 
2.42343165 4113.79713185 
2.42869129 4121.37365731 
2.43395092 4128.89752367 
2.43921056 4136.36844738 
2.44447019 4143.78614591 
2.44972982 4151.15033776 
2.45498946 4158.46074250 
2.46024909 4165.71708072 
2.46550873 4172.91907411 
2.47076836 4180.06644541 
2.47602799 4187.15891846 
2.48128763 4194.19621817 
2.48654726 4201.17807057 
2.49180690 4208.10420278 
2.49706653 4214.97434307 
2.50232617 4221.78822079 
2.50758580 4228.54556647 
2.51284543 4235.24611177 
2.51810507 4241.88958948 
2.52336470 4248.47573358 
2.52862434 4255.00427922 
2.53388397 4261.47496272 
2.53914360 4267.88752159 
2.54440324 4274.24169455 
2.54966287 4280.53722151 
2.55492251 4286.77384361 
2.56018214 4292.95130320 
2.56544177 4299.06934388 
2.57070141 4305.12771048 
2.57596104 4311.12614909 
2.58122068 4317.06440706 
2.58648031 4322.94223300 
2.59173994 4328.75937681 
2.59699958 4334.51558966 
2.60225921 4340.21062404 
2.60751885 4345.84423373 
2.61277848 4351.41617382 
2.61803811 4356.92620073 
2.62329775 4362.37407221 
2.62855738 4367.75954734 
2.63381702 4373.08238658 
2.63907665 4378.34235171 
2.64433628 4383.53920590 
2.64959592 4388.67271368 
2.65485555 4393.74264099 
2.66011519 4398.74875514 
2.66537482 4403.69082485 
2.67063445 4408.56862026 
2.67589409 4413.38191291 
2.68115372 4418.13047578 
2.68641336 4422.81408329 
2.69167299 4427.43251132 
2.69693262 4431.98553717 
2.70219226 4436.47293964 
2.70745189 4440.89449899 
2.71271153 4445.24999694 
2.71797116 4449.53921675 
2.72323079 4453.76194314 
2.72849043 4457.91796235 
2.73375006 4462.00706213 
2.73900970 4466.02903178 
2.74426933 4469.98366212 
2.74952896 4473.87074550 
2.75478860 4477.69007585 
2.76004823 4481.44144865 
2.76530787 4485.12466094 
2.77056750 4488.73951137 
2.77582713 4492.28580013 
2.78108677 4495.76332906 
2.78634640 4499.17190157 
2.79160604 4502.51132270 
2.79686567 4505.78139912 
2.80212530 4508.98193910 
2.80738494 4512.11275260 
2.81264457 4515.17365119 
2.81790421 4518.16444812 
2.82316384 4521.08495830 
2.82842348 4523.93499833 
2.83368311 4526.71438647 
2.83894274 4529.42294270 
2.84420238 4532.06048869 
2.84946201 4534.62684782 
2.85472165 4537.12184521 
2.85998128 4539.54530768 
2.86524091 4541.89706382 
2.87050055 4544.17694395 
2.87576018 4546.38478014 
2.88101982 4548.52040624 
2.88627945 4550.58365786 
2.89153908 4552.57437242 
2.89679872 4554.49238910 
2.90205835 4556.33754889 
2.90731799 4558.10969460 
2.91257762 4559.80867085 
2.91783725 4561.43432408 
2.92309689 4562.98650259 
2.92835652 4564.46505649 
2.93361616 4565.86983776 
2.93887579 4567.20070026 
2.94413542 4568.45749970 
2.94939506 4569.64009367 
2.95465469 4570.74834164 
2.95991433 4571.78210502 
2.96517396 4572.74124707 
2.97043359 4573.62563301 
2.97569323 4574.43512995 
2.98095286 4575.16960696 
2.98621250 4575.82893503 
2.99147213 4576.41298712 
2.99673176 4576.92163814 
3.00199140 4577.35476495 
3.00725103 4577.71224642 
3.01251067 4577.99396338 
3.01777030 4578.19979867 
3.02302993 4578.32963712 
3.02828957 4578.38336558 
3.03354920 4578.36087292 
3.03880884 4578.26205004 
3.04406847 4578.08678987 
3.04932810 4577.83498740 
3.05458774 4577.50653967 
3.05984737 4577.10134577 
3.06510701 4576.61930689 
3.07036664 4576.06032629 
3.07562627 4575.42430931 
3.08088591 4574.71116341 
3.08614554 4573.92079814 
3.09140518 4573.05312518 
3.09666481 4572.10805832 
3.10192444 4571.08551352 
3.10718408 4569.98540884 
3.11244371 4568.80766452 
3.11770335 4567.55220295 
3.12296298 4566.21894869 
3.12822261 4564.80782850 
3.13348225 4563.31877128 
3.13874188 4561.75170818 
3.14400152 4560.10657252 
3.14926115 4558.38329985 
3.15452079 4556.58182793 
3.15978042 4554.70209676 
3.16504005 4552.74404857 
3.17029969 4550.70762787 
3.17555932 4548.59278138 
3.18081896 4546.39945812 
3.18607859 4544.12760938 
3.19133822 4541.77718873 
3.19659786 4539.34815202 
3.20185749 4536.84045742 
3.20711713 4534.25406541 
3.21237676 4531.58893877 
3.21763639 4528.84504263 
3.22289603 4526.02234444 
3.22815566 4523.12081400 
3.23341530 4520.14042348 
3.23867493 4517.08114738 
3.24393456 4513.94296259 
3.24919420 4510.72584839 
3.25445383 4507.42978643 
3.25971347 4504.05476077 
3.26497310 4500.60075787 
3.27023273 4497.06776660 
3.27549237 4493.45577827 
3.28075200 4489.76478660 
3.28601164 4485.99478778 
3.29127127 4482.14578043 
3.29653090 4478.21776562 
3.30179054 4474.21074691 
3.30705017 4470.12473032 
3.31230981 4465.95972437 
3.31756944 4461.71574006 
3.32282907 4457.39279090 
3.32808871 4452.99089290 
3.33334834 4448.51006460 
3.33860798 4443.95032707 
3.34386761 4439.31170391 
3.34912724 4434.59422127 
3.35438688 4429.79790786 
3.35964651 4424.92279494 
3.36490615 4419.96891635 
3.37016578 4414.93630851 
3.37542541 4409.82501042 
3.38068505 4404.63506371 
3.38594468 4399.36651258 
3.39120432 4394.01940386 
3.39646395 4388.59378701 
3.40172358 4383.08971411 
3.40698322 4377.50723989 
3.41224285 4371.84642174 
3.41750249 4366.10731969 
3.42276212 4360.28999645 
3.42802175 4354.39451739 
3.43328139 4348.42095060 
3.43854102 4342.36936683 
3.44380066 4336.23983955 
3.44906029 4330.03244494 
3.45431992 4323.74726188 
3.45957956 4317.38437200 
3.46483919 4310.94385968 
3.47009883 4304.42581201 
3.47535846 4297.83031886 
3.48061809 4291.15747285 
3.48587773 4284.40736939 
3.49113736 4277.58010666 
3.49639700 4270.67578561 
3.50165663 4263.69451003 
3.50691627 4256.63638649 
3.51217590 4249.50152437 
3.51743553 4242.29003589 
3.52269517 4235.00203609 
3.52795480 4227.63764287 
3.53321444 4220.19697697 
3.53847407 4212.68016197 
3.54373370 4205.08732436 
3.54899334 4197.41859346 
3.55425297 4189.67410151 
3.55951261 4181.85398362 
3.56477224 4173.95837783 
3.57003187 4165.98742505 
3.57529151 4157.94126915 
3.58055114 4149.82005690 
3.58581078 4141.62393803 
3.59107041 4133.35306520 
3.59633004 4125.00759403 
3.60158968 4116.58768309 
3.60684931 4108.09349394 
3.61210895 4099.52519111 
3.61736858 4090.88294213 
3.62262821 4082.16691752 
3.62788785 4073.37729079 
3.63314748 4064.51423849 
3.63840712 4055.57794019 
3.64366675 4046.56857847 
3.64892638 4037.48633898 
3.65418602 4028.33141040 
3.65944565 4019.10398447 
3.66470529 4009.80425602 
3.66996492 4000.43242291 
3.67522455 3990.98868612 
3.68048419 3981.47324972 
3.68574382 3971.88632087 
3.69100346 3962.22810984 
3.69626309 3952.49883002 
3.70152272 3942.69869794 
3.70678236 3932.82793324 
3.71204199 3922.88675873 
3.71730163 3912.87540036 
3.72256126 3902.79408725 
3.72782089 3892.64305168 
3.73308053 3882.42252910 
3.73834016 3872.13275818 
3.74359980 3861.77398076 
3.74885943 3851.34644190 
3.75411906 3840.85038985 
3.75937870 3830.28607610 
3.76463833 3819.65375537 
3.76989797 3808.95368563 
3.77515760 3798.18612807 
3.78041723 3787.35134715 
3.78567687 3776.44961060 
3.79093650 3765.48118943 
3.79619614 3754.44635791 
3.80145577 3743.34539361 
3.80671540 3732.17857742 
3.81197504 3720.94619350 
3.81723467 3709.64852936 
3.82249431 3698.28587583 
3.82775394 3686.85852705 
3.83301358 3675.36678052 
3.83827321 3663.81093711 
3.84353284 3652.19130100 
3.84879248 3640.50817980 
3.85405211 3628.76188444 
3.85931175 3616.95272927 
3.86457138 3605.08103203 
3.86983101 3593.14711385 
3.87509065 3581.15129928 
3.88035028 3569.09391629 
3.88560992 3556.97529628 
3.89086955 3544.79577407 
3.89612918 3532.55568796 
3.90138882 3520.25537966 
3.90664845 3507.89519438 
3.91190809 3495.47548079 
3.91716772 3482.99659103 
3.92242735 3470.45888074 
3.92768699 3457.86270905 
3.93294662 3445.20843860 
3.93820626 3432.49643554 
3.94346589 3419.72706954 
3.94872552 3406.90071382 
3.95398516 3394.01774512 
3.95924479 3381.07854374 
3.96450443 3368.08349352 
3.96976406 3355.03298188 
3.97502369 3341.92739982 
3.98028333 3328.76714191 
3.98554296 3315.55260632 
3.99080260 3302.28419480 
3.99606223 3288.96231274 
4.00132186 3275.58736912 
4.00658150 3262.15977656 
4.01184113 3248.67995131 
4.01710077 3235.14831326 
4.02236040 3221.56528596 
4.02762003 3207.93129660 
4.03287967 3194.24677607 
4.03813930 3180.51215890 
4.04339894 3166.72788333 
4.04865857 3152.89439130 
4.05391820 3139.01212842 
4.05917784 3125.08154403 
4.06443747 3111.10309121 
4.06969711 3097.07722673 
4.07495674 3083.00441112 
4.08021637 3068.88510865 
4.08547601 3054.71978734 
4.09073564 3040.50891898 
4.09599528 3026.25297911 
4.10125491 3011.95244709 
4.10651454 2997.60780602 
4.11177418 2983.21954284 
4.11703381 2968.78814825 
4.12229345 2954.31411680 
4.12755308 2939.79794684 
4.13281271 2925.24014057 
4.13807235 2910.64120401 
4.14333198 2896.00164703 
4.14859162 2881.32198337 
4.15385125 2866.60273062 
4.15911089 2851.84441025 
4.16437052 2837.04754760 
4.16963015 2822.21267192 
4.17488979 2807.34031633 
4.18014942 2792.43101790 
4.18540906 2777.48531757 
4.19066869 2762.50376022 
4.19592832 2747.48689468 
4.20118796 2732.43527370 
4.20644759 2717.34945398 
4.21170723 2702.22999619 
4.21696686 2687.07746496 
4.22222649 2671.89242889 
4.22748613 2656.67546057 
4.23274576 2641.42713658 
4.23800540 2626.14803750 
4.24326503 2610.83874791 
4.24852466 2595.49985644 
4.25378430 2580.13195570 
4.25904393 2564.73564236 
4.26430357 2549.31151713 
4.26956320 2533.86018478 
4.27482283 2518.38225412 
4.28008247 2502.87833803 
4.28534210 2487.34905349 
4.29060174 2471.79502154 
4.29586137 2456.21686733 
4.30112100 2440.61522009 
4.30638064 2424.99071320 
4.31164027 2409.34398411 
4.31689991 2393.67567444 
4.32215954 2377.98642992 
4.32741917 2362.27690044 
4.33267881 2346.54774002 
4.33793844 2330.79960687 
4.34319808 2315.03316334 
4.34845771 2299.24907600 
4.35371734 2283.44801556 
4.35897698 2267.63065695 
4.36423661 2251.79767931 
4.36949625 2235.94976597 
4.37475588 2220.08760450 
4.38001551 2204.21188669 
4.38527515 2188.32330856 
4.39053478 2172.42257039 
4.39579442 2156.51037671 
4.40105405 2140.58743631 
4.40631368 2124.65446225 
4.41157332 2108.71217188 
4.41683295 2092.76128682 
4.42209259 2076.80253300 
4.42735222 2060.83664066 
4.43261185 2044.86434433 
4.43787149 2028.88638288 
4.44313112 2012.90349951 
4.44839076 1996.91644175 
4.45365039 1980.92596149 
4.45891002 1964.93281497 
4.46416966 1948.93776277 
4.46942929 1932.94156989 
4.47468893 1916.94500566 
4.47994856 1900.94884385 
4.48520820 1884.95386257 
4.49046783 1868.96084439 
4.49572746 1852.97057627 
4.50098710 1836.98384958 
4.50624673 1821.00146015 
4.51150637 1805.02420822 
4.51676600 1789.05289851 
4.52202563 1773.08834016 
4.52728527 1757.13134681 
4.53254490 1741.18273655 
4.53780454 1725.24333196 
4.54306417 1709.31396011 
4.54832380 1693.39545257 
4.55358344 1677.48864540 
4.55884307 1661.59437921 
4.56410271 1645.71349909 
4.56936234 1629.84685471 
4.57462197 1613.99530023 
4.57988161 1598.15969440 
4.58514124 1582.34090051 
4.59040088 1566.53978641 
4.59566051 1550.75722454 
4.60092014 1534.99409191 
4.60617978 1519.25127011 
4.61143941 1503.52964536 
4.61669905 1487.83010846 
4.62195868 1472.15355484 
4.62721831 1456.50088455 
4.63247795 1440.87300228 
4.63773758 1425.27081734 
4.64299722 1409.69524371 
4.64825685 1394.14720001 
4.65351648 1378.62760956 
4.65877612 1363.13740031 
4.66403575 1347.67750492 
4.66929539 1332.24886073 
4.67455502 1316.85240980 
4.67981465 1301.48909887 
4.68507429 1286.15987941 
4.69033392 1270.86570761 
4.69559356 1255.60754440 
4.70085319 1240.38635545 
4.70611282 1225.20311117 
4.71137246 1210.05878674 
4.71663209 1194.95436210 
4.72189173 1179.89082196 
4.72715136 1164.86915583 
4.73241099 1149.89035799 
4.73767063 1134.95542753 
4.74293026 1120.06536835 
4.74818990 1105.22118917 
4.75344953 1090.42390352 
4.75870916 1075.67452978 
4.76396880 1060.97409116 
4.76922843 1046.32361572 
4.77448807 1031.72413637 
4.77974770 1017.17669092 
4.78500733 1002.68232202 
4.79026697 988.24207722 
4.79552660 973.85700894 
4.80078624 959.52817454 
4.80604587 945.25663625 
4.81130551 931.04346122 
4.81656514 916.88972156 
4.82182477 902.79649426 
4.82708441 888.76486130 
4.83234404 874.79590958 
4.83760368 860.89073097 
4.84286331 847.05042229 
4.84812294 833.27608536 
4.85338258 819.56882697 
4.85864221 805.92975889 
4.86390185 792.35999790 
4.86916148 778.86066580 
4.87442111 765.43288938 
4.87968075 752.07780048 
4.88494038 738.79653595 
4.89020002 725.59023769 
4.89545965 712.46005266 
4.90071928 699.40713286 
4.90597892 686.43263536 
4.91123855 673.53772232 
4.91649819 660.72356096 
4.92175782 647.99132360 
4.92701745 635.34218767 
4.93227709 622.77733568 
4.93753672 610.29795528 
4.94279636 597.90523923 
4.94805599 585.60038544 
4.95331562 573.38459693 
4.95857526 561.25908189 
4.96383489 549.22505368 
4.96909453 537.28373078 
4.97435416 525.43633689 
4.97961379 513.68410087 
4.98487343 502.02825676 
4.99013306 490.47004382 
4.99539270 479.01070651 
5.00065233 467.65149450 
5.00591196 456.39366268 
5.01117160 445.23847117 
5.01643123 434.18718534 
5.02169087 423.24107581 
5.02695050 412.40141843 
5.03221013 401.66949435 
5.03746977 391.04658996 
5.04272940 380.53399696 
5.04798904 370.13301231 
5.05324867 359.84493828 
5.05850830 349.67108246 
5.06376794 339.61275773 
5.06902757 329.67128230 
5.07428721 319.84797972 
5.07954684 310.14417886 
5.08480647 300.56121395 
5.09006611 291.10042458 
5.09532574 281.76315567 
5.10058538 272.55075756 
5.10584501 263.46458593 
5.11110464 254.50600187 
5.11636428 245.67637186 
5.12162391 236.97706776 
5.12688355 228.40946689 
5.13214318 219.97495195 
5.13740281 211.67491109 
5.14266245 203.51073789 
5.14792208 195.48383137 
5.15318172 187.59559601 
5.15844135 179.84744175 
5.16370099 172.24078400 
5.16896062 164.77704365 
5.17422025 157.45764707 
5.17947989 150.28402614 
5.18473952 143.25761821 
5.18999916 136.37986617 
5.19525879 129.65221842 
5.20051842 123.07612890 
5.20577806 116.65305705 
5.21103769 110.38446789 
5.21629733 104.27183198 
5.22155696 98.31662543 
5.22681659 92.52032992 
5.23207623 86.88443273 
5.23733586 81.41042669 
5.24259550 76.09981024 
5.24785513 70.95408743 
5.25311476 65.97476790 
5.25837440 61.16336691 
5.26363403 56.52140536 
5.26889367 52.05040978 
5.27415330 47.75191232 
5.27941293 43.62745080 
5.28467257 39.67856870 
5.28993220 35.90681515 
5.29519184 32.31374497 
5.30045147 28.90091865 
5.30571110 25.66990238 
5.31097074 22.62226805 
5.31623037 19.75959325 
5.32149001 17.08346128 
5.32674964 14.59546117 
5.33200927 12.29718769 
5.33726891 10.19024134 
5.34252854 8.27622837 
5.34778818 6.55676077 
5.35304781 5.03345632 
5.35830744 3.70793856 
5.36356708 2.58183680 
5.36882671 1.65678617 
5.37408635 0.93442755 
5.37934598 0.41640767 
5.38460561 0.10437904 
5.38986525 0.00000000 
