0.00400000 56.47313921 
0.00925963 62.56202034 
0.01451927 69.02212692 
0.01977890 75.49025516 
0.02503854 81.95427144 
0.03029817 88.44085958 
0.03555780 94.97776417 
0.04081744 101.58844390 
0.04607707 108.29207751 
0.05133671 115.10440267 
0.05659634 122.03852092 
0.06185597 129.10552976 
0.06711561 136.31499485 
0.07237524 143.67529892 
0.07763488 151.19390083 
0.08289451 158.87752944 
0.08815414 166.73233045 
0.09341378 174.76397889 
0.09867341 182.97776624 
0.10393305 191.37866862 
0.10919268 199.97140083 
0.11445231 208.76045937 
0.11971195 217.75015720 
0.12497158 226.94465189 
0.13023122 236.34796870 
0.13549085 245.96401958 
0.14075048 255.79661887 
0.14601012 265.84949648 
0.15126975 276.12630887 
0.15652939 286.63064832 
0.16178902 297.36605077 
0.16704865 308.33600254 
0.17230829 319.54394592 
0.17756792 330.99328415 
0.18282756 342.68738551 
0.18808719 354.62958698 
0.19334683 366.82319731 
0.19860646 379.27149975 
0.20386609 391.97775434 
0.20912573 404.94519995 
0.21438536 418.17705602 
0.21964500 431.67652415 
0.22490463 445.44678934 
0.23016426 459.49102123 
0.23542390 473.81237504 
0.24068353 488.41399251 
0.24594317 503.29900262 
0.25120280 518.47052223 
0.25646243 533.93165673 
0.26172207 549.68550045 
0.26698170 565.73513711 
0.27224134 582.08364020 
0.27750097 598.73407324 
0.28276060 615.68949009 
0.28802024 632.95293511 
0.29327987 650.52744338 
0.29853951 668.41604079 
0.30379914 686.62174419 
0.30905877 705.14756142 
0.31431841 723.99649143 
0.31957804 743.17152424 
0.32483768 762.67564100 
0.33009731 782.51181396 
0.33535694 802.68300645 
0.34061658 823.19217283 
0.34587621 844.04225845 
0.35113585 865.23619959 
0.35639548 886.77692335 
0.36165511 908.66734761 
0.36691475 930.91038089 
0.37217438 953.50892227 
0.37743402 976.46586128 
0.38269365 999.78407775 
0.38795328 1023.46644175 
0.39321292 1047.51581336 
0.39847255 1071.93504266 
0.40373219 1096.72696946 
0.40899182 1121.89442326 
0.41425145 1147.44022304 
0.41951109 1173.36717714 
0.42477072 1199.67808309 
0.43003036 1226.37572746 
0.43528999 1253.46288569 
0.44054962 1280.94232194 
0.44580926 1308.81678893 
0.45106889 1337.08902776 
0.45632853 1365.76176775 
0.46158816 1394.83772628 
0.46684779 1424.31960859 
0.47210743 1454.21010767 
0.47736706 1484.51190400 
0.48262670 1515.22766548 
0.48788633 1546.36004717 
0.49314596 1577.91169116 
0.49840560 1609.88522639 
0.50366523 1642.28326848 
0.50892487 1675.10841953 
0.51418450 1708.36326799 
0.51944414 1742.05038845 
0.52470377 1776.17234146 
0.52996340 1810.73167340 
0.53522304 1845.73091624 
0.54048267 1881.17258744 
0.54574231 1917.05918972 
0.55100194 1953.39321090 
0.55626157 1990.17712374 
0.56152121 2027.41338575 
0.56678084 2065.10443905 
0.57204048 2103.25271014 
0.57730011 2141.86060979 
0.58255974 2180.93053282 
0.58781938 2220.46485797 
0.59307901 2260.46594770 
0.59833865 2300.93614802 
0.60359828 2341.87778837 
0.60885791 2383.29318138 
0.61411755 2425.18462276 
0.61937718 2467.55439109 
0.62463682 2510.40474770 
0.62989645 2553.73793648 
0.63515608 2597.55618369 
0.64041572 2641.86169785 
0.64567535 2686.65666954 
0.65093499 2731.94327126 
0.65619462 2777.72365725 
0.66145425 2823.99996334 
0.66671389 2870.77430678 
0.67197352 2918.04878611 
0.67723316 2965.82548098 
0.68249279 3014.10645198 
0.68775242 3062.89374052 
0.69301206 3112.18936865 
0.69827169 3161.99533891 
0.70353133 3212.31363420 
0.70879096 3263.14621757 
0.71405059 3314.49503216 
0.71931023 3366.36200094 
0.72456986 3418.74902668 
0.72982950 3471.65799168 
0.73508913 3525.09075773 
0.74034876 3579.04916591 
0.74560840 3633.53503643 
0.75086803 3688.55016853 
0.75612767 3744.09634031 
0.76138730 3800.17530859 
0.76664693 3856.78880879 
0.77190657 3913.93855475 
0.77716620 3971.62623863 
0.78242584 4029.85353075 
0.78768547 4088.62207946 
0.79294510 4147.93351100 
0.79820474 4207.78942938 
0.80346437 4268.19141621 
0.80872401 4329.14103063 
0.81398364 4390.63980911 
0.81924327 4452.68926536 
0.82450291 4515.29089018 
0.82976254 4578.44615137 
0.83502218 4642.15649353 
0.84028181 4706.42333801 
0.84554145 4771.24808274 
0.85080108 4836.63210213 
0.85606071 4902.57674691 
0.86132035 4969.08334405 
0.86657998 5036.15319663 
0.87183962 5103.78758368 
0.87709925 5171.98776011 
0.88235888 5240.75495658 
0.88761852 5310.09037937 
0.89287815 5379.99521025 
0.89813779 5450.47060643 
0.90339742 5521.51770037 
0.90865705 5593.13759969 
0.91391669 5665.33138711 
0.91917632 5738.10012026 
0.92443596 5811.44483162 
0.92969559 5885.36652840 
0.93495522 5959.86619243 
0.94021486 6034.94478007 
0.94547449 6110.60322208 
0.95073413 6186.84242351 
0.95599376 6263.66326365 
0.96125339 6341.06659588 
0.96651303 6419.05324755 
0.97177266 6497.62401996 
0.97703230 6576.77968819 
0.98229193 6656.52100102 
0.98755156 6736.84868085 
0.99281120 6817.76342360 
0.99807083 6899.26589859 
1.00333047 6981.35674848 
1.00859010 7064.03658917 
1.01384973 7147.30600969 
1.01910937 7231.16557213 
1.02436900 7315.61581156 
1.02962864 7400.65723589 
1.03488827 7486.29032586 
1.04014790 7572.51553489 
1.04540754 7659.33328904 
1.05066717 7746.74398689 
1.05592681 7834.74799948 
1.06118644 7923.34567022 
1.06644607 8012.53731484 
1.07170571 8102.32322124 
1.07696534 8192.70364950 
1.08222498 8283.67883173 
1.08748461 8375.24897203 
1.09274424 8467.41424644 
1.09800388 8560.17480279 
1.10326351 8653.53076069 
1.10852315 8747.48221147 
1.11378278 8842.02921805 
1.11904241 8937.17181490 
1.12430205 9032.91000801 
1.12956168 9129.24377474 
1.13482132 9226.17306385 
1.14008095 9323.69779536 
1.14534058 9421.81786051 
1.15060022 9520.53312172 
1.15585985 9619.84341249 
1.16111949 9719.74853737 
1.16637912 9820.24827190 
1.17163876 9921.34236251 
1.17689839 10023.03052652 
1.18215802 10125.31245206 
1.18741766 10228.18779800 
1.19267729 10331.65619391 
1.19793693 10435.71724002 
1.20319656 10540.37050714 
1.20845619 10645.61553664 
1.21371583 10751.45184036 
1.21897546 10857.87890062 
1.22423510 10964.89617012 
1.22949473 11072.50307191 
1.23475436 11180.69899935 
1.24001400 11289.48331608 
1.24527363 11398.85535594 
1.25053327 11508.81442296 
1.25579290 11619.35979131 
1.26105253 11730.49070525 
1.26631217 11842.20637911 
1.27157180 11954.50599725 
1.27683144 12067.38871399 
1.28209107 12180.85365362 
1.28735070 12294.89991035 
1.29261034 12409.52654828 
1.29786997 12524.73260133 
1.30312961 12640.51707327 
1.30838924 12756.87893767 
1.31364887 12873.81713783 
1.31890851 12991.33058680 
1.32416814 13109.41816736 
1.32942778 13228.07873194 
1.33468741 13347.31110264 
1.33994704 13467.11407122 
1.34520668 13587.48639901 
1.35046631 13708.42681698 
1.35572595 13829.93402562 
1.36098558 13952.00669503 
1.36624521 14074.64346480 
1.37150485 14197.84294407 
1.37676448 14321.60371147 
1.38202412 14445.92431511 
1.38728375 14570.80327260 
1.39254338 14696.23907100 
1.39780302 14822.23016681 
1.40306265 14948.77498601 
1.40832229 15075.87192397 
1.41358192 15203.51934550 
1.41884155 15331.71558486 
1.42410119 15460.45894567 
1.42936082 15589.74770099 
1.43462046 15719.58009329 
1.43988009 15849.95433442 
1.44513972 15980.86860564 
1.45039936 16112.32105762 
1.45565899 16244.30981042 
1.46091863 16376.83295350 
1.46617826 16509.88854575 
1.47143789 16643.47461544 
1.47669753 16777.58916027 
1.48195716 16912.23014735 
1.48721680 17047.39551325 
1.49247643 17183.08316394 
1.49773607 17319.29097486 
1.50299570 17456.01679091 
1.50825533 17593.25842643 
1.51351497 17731.01366527 
1.51877460 17869.28026077 
1.52403424 18008.05593579 
1.52929387 18147.33838269 
1.53455350 18287.12526339 
1.53981314 18427.41420938 
1.54507277 18568.20282173 
1.55033241 18709.48867110 
1.55559204 18851.26929778 
1.56085167 18993.54221170 
1.56611131 19136.30489248 
1.57137094 19279.55478942 
1.57663058 19423.28932153 
1.58189021 19567.50587760 
1.58714984 19712.20181615 
1.59240948 19857.37446555 
1.59766911 20003.02112398 
1.60292875 20149.13905949 
1.60818838 20295.72551003 
1.61344801 20442.77768348 
1.61870765 20590.29275770 
1.62396728 20738.26788053 
1.62922692 20886.70016987 
1.63448655 21035.58671369 
1.63974618 21184.92457006 
1.64500582 21334.71076723 
1.65026545 21484.94230364 
1.65552509 21635.61614796 
1.66078472 21786.72923915 
1.66604435 21938.27848650 
1.67130399 22090.26076967 
1.67656362 22242.67293873 
1.68182326 22395.51181422 
1.68708289 22548.77418722 
1.69234252 22702.45681933 
1.69760216 22856.55644281 
1.70286179 23011.06976055 
1.70812143 23165.99344619 
1.71338106 23321.32414412 
1.71864069 23477.05846960 
1.72390033 23633.19300873 
1.72915996 23789.72431857 
1.73441960 23946.64892721 
1.73967923 24103.96333375 
1.74493886 24261.66400847 
1.75019850 24419.74739278 
1.75545813 24578.20989939 
1.76071777 24737.04791227 
1.76597740 24896.25778680 
1.77123703 25055.83584979 
1.77649667 25215.77839956 
1.78175630 25376.08170602 
1.78701594 25536.74201071 
1.79227557 25697.75552688 
1.79753520 25859.11843960 
1.80279484 26020.82690577 
1.80805447 26182.87705425 
1.81331411 26345.26498588 
1.81857374 26507.98677362 
1.82383337 26671.03846257 
1.82909301 26834.41607008 
1.83435264 26998.11558580 
1.83961228 27162.13297181 
1.84487191 27326.46416264 
1.85013155 27491.10506542 
1.85539118 27656.05155989 
1.86065081 27821.29949854 
1.86591045 27986.84470667 
1.87117008 28152.68298248 
1.87642972 28318.81009718 
1.88168935 28485.22179504 
1.88694898 28651.91379350 
1.89220862 28818.88178328 
1.89746825 28986.12142843 
1.90272789 29153.62836645 
1.90798752 29321.39820839 
1.91324715 29489.42653893 
1.91850679 29657.70891647 
1.92376642 29826.24087327 
1.92902606 29995.01791548 
1.93428569 30164.03552331 
1.93954532 30333.28915107 
1.94480496 30502.77422731 
1.95006459 30672.48615492 
1.95532423 30842.42031123 
1.96058386 31012.57204808 
1.96584349 31182.93669200 
1.97110313 31353.50954425 
1.97636276 31524.28588094 
1.98162240 31695.26095319 
1.98688203 31866.42998717 
1.99214166 32037.78818425 
1.99740130 32209.33072113 
2.00266093 32381.05274990 
2.00792057 32552.94939819 
2.01318020 32725.01576930 
2.01843983 32897.24694229 
2.02369947 33069.63797208 
2.02895910 33242.18388963 
2.03421874 33414.87970201 
2.03947837 33587.72039252 
2.04473800 33760.70092086 
2.04999764 33933.81622320 
2.05525727 34107.06121233 
2.06051691 34280.43077778 
2.06577654 34453.91978595 
2.07103617 34627.52308024 
2.07629581 34801.23548116 
2.08155544 34975.05178649 
2.08681508 35148.96677138 
2.09207471 35322.97518850 
2.09733434 35497.07176819 
2.10259398 35671.25121855 
2.10785361 35845.50822561 
2.11311325 36019.83745344 
2.11837288 36194.23354432 
2.12363251 36368.69111886 
2.12889215 36543.20477614 
2.13415178 36717.76909383 
2.13941142 36892.37862837 
2.14467105 37067.02791511 
2.14993068 37241.71146841 
2.15519032 37416.42378183 
2.16044995 37591.15932826 
2.16570959 37765.91256005 
2.17096922 37940.67790920 
2.17622886 38115.44978747 
2.18148849 38290.22258654 
2.18674812 38464.99067817 
2.19200776 38639.74841436 
2.19726739 38814.49012746 
2.20252703 38989.21013039 
2.20778666 39163.90271673 
2.21304629 39338.56216094 
2.21830593 39513.18271846 
2.22356556 39687.75862591 
2.22882520 39862.28410122 
2.23408483 40036.75334382 
2.23934446 40211.16053476 
2.24460410 40385.49983694 
2.24986373 40559.76539520 
2.25512337 40733.95133654 
2.26038300 40908.05177026 
2.26564263 41082.06078812 
2.27090227 41255.97246455 
2.27616190 41429.78085675 
2.28142154 41603.48000494 
2.28668117 41777.06393248 
2.29194080 41950.52664605 
2.29720044 42123.86213582 
2.30246007 42297.06437567 
2.30771971 42470.12732330 
2.31297934 42643.04492043 
2.31823897 42815.81109302 
2.32349861 42988.41975139 
2.32875824 43160.86479043 
2.33401788 43333.14008977 
2.33927751 43505.23951397 
2.34453714 43677.15691272 
2.34979678 43848.88612098 
2.35505641 44020.42095921 
2.36031605 44191.75523352 
2.36557568 44362.88273590 
2.37083531 44533.79724436 
2.37609495 44704.49252316 
2.38135458 44874.96232298 
2.38661422 45045.20038112 
2.39187385 45215.20042169 
2.39713348 45384.95615580 
2.40239312 45554.46128176 
2.40765275 45723.70948528 
2.41291239 45892.69443966 
2.41817202 46061.40980599 
2.42343165 46229.84923335 
2.42869129 46398.00635902 
2.43395092 46565.87480866 
2.43921056 46733.44819652 
2.44447019 46900.72012568 
2.44972982 47067.68418819 
2.45498946 47234.33396533 
2.46024909 47400.66302778 
2.46550873 47566.66493586 
2.47076836 47732.33323971 
2.47602799 47897.66147952 
2.48128763 48062.64318573 
2.48654726 48227.27187926 
2.49180690 48391.54107169 
2.49706653 48555.44426550 
2.50232617 48718.97495429 
2.50758580 48882.12662297 
2.51284543 49044.89274802 
2.51810507 49207.26679764 
2.52336470 49369.24223205 
2.52862434 49530.81250365 
2.53388397 49691.97105727 
2.53914360 49852.71133039 
2.54440324 50013.02675336 
2.54966287 50172.91074963 
2.55492251 50332.35673595 
2.56018214 50491.35812265 
2.56544177 50649.90831381 
2.57070141 50808.00070752 
2.57596104 50965.62869613 
2.58122068 51122.78566643 
2.58648031 51279.46499993 
2.59173994 51435.66007305 
2.59699958 51591.36425739 
2.60225921 51746.57091997 
2.60751885 51901.27342343 
2.61277848 52055.46512628 
2.61803811 52209.13938317 
2.62329775 52362.28954508 
2.62855738 52514.90895963 
2.63381702 52666.99097122 
2.63907665 52818.52892138 
2.64433628 52969.51614894 
2.64959592 53119.94599031 
2.65485555 53269.81177972 
2.66011519 53419.10684946 
2.66537482 53567.82453014 
2.67063445 53715.95815091 
2.67589409 53863.50103976 
2.68115372 54010.44652372 
2.68641336 54156.78792916 
2.69167299 54302.51858200 
2.69693262 54447.63180799 
2.70219226 54592.12093297 
2.70745189 54735.97928310 
2.71271153 54879.20018516 
2.71797116 55021.77696674 
2.72323079 55163.70295660 
2.72849043 55304.97148483 
2.73375006 55445.57588316 
2.73900970 55585.50948526 
2.74426933 55724.76562691 
2.74952896 55863.33764635 
2.75478860 56001.21888451 
2.76004823 56138.40268527 
2.76530787 56274.88239577 
2.77056750 56410.65136662 
2.77582713 56545.70295221 
2.78108677 56680.03051098 
2.78634640 56813.62740568 
2.79160604 56946.48700363 
2.79686567 57078.60267705 
2.80212530 57209.96780327 
2.80738494 57340.57576504 
2.81264457 57470.41995080 
2.81790421 57599.49375499 
2.82316384 57727.79057827 
2.82842348 57855.30382784 
2.83368311 57982.02691772 
2.83894274 58107.95326904 
2.84420238 58233.07631029 
2.84946201 58357.38947764 
2.85472165 58480.88621521 
2.85998128 58603.55997537 
2.86524091 58725.40421901 
2.87050055 58846.41241583 
2.87576018 58966.57804467 
2.88101982 59085.89459375 
2.88627945 59204.35556097 
2.89153908 59321.95445425 
2.89679872 59438.68479177 
2.90205835 59554.54010230 
2.90731799 59669.51392547 
2.91257762 59783.59981209 
2.91783725 59896.79132445 
2.92309689 60009.08203660 
2.92835652 60120.46553465 
2.93361616 60230.93541712 
2.93887579 60340.48529518 
2.94413542 60449.10879298 
2.94939506 60556.79954798 
2.95465469 60663.55121120 
2.95991433 60769.35744759 
2.96517396 60874.21193629 
2.97043359 60978.10837096 
2.97569323 61081.04046011 
2.98095286 61183.00192735 
2.98621250 61283.98651177 
2.99147213 61383.98796823 
2.99673176 61483.00006766 
3.00199140 61581.01659738 
3.00725103 61678.03136142 
3.01251067 61774.03818087 
3.01777030 61869.03089414 
3.02302993 61963.00335732 
3.02828957 62055.94944449 
3.03354920 62147.86304804 
3.03880884 62238.73807900 
3.04406847 62328.56846735 
3.04932810 62417.34816237 
3.05458774 62505.07113293 
3.05984737 62591.73136786 
3.06510701 62677.32287623 
3.07036664 62761.83968773 
3.07562627 62845.27585296 
3.08088591 62927.62544379 
3.08614554 63008.88255366 
3.09140518 63089.04129794 
3.09666481 63168.09581428 
3.10192444 63246.04026289 
3.10718408 63322.86882693 
3.11244371 63398.57571281 
3.11770335 63473.15515056 
3.12296298 63546.60139416 
3.12822261 63618.90872185 
3.13348225 63690.07143653 
3.13874188 63760.08386605 
3.14400152 63828.94036358 
3.14926115 63896.63530795 
3.15452079 63963.16310399 
3.15978042 64028.51818290 
3.16504005 64092.69500256 
3.17029969 64155.68804791 
3.17555932 64217.49183129 
3.18081896 64278.10089279 
3.18607859 64337.50980059 
3.19133822 64395.71315136 
3.19659786 64452.70557055 
3.20185749 64508.48171279 
3.20711713 64563.03626221 
3.21237676 64616.36393287 
3.21763639 64668.45946901 
3.22289603 64719.31764551 
3.22815566 64768.93326819 
3.23341530 64817.30117420 
3.23867493 64864.41623236 
3.24393456 64910.27334354 
3.24919420 64954.86744103 
3.25445383 64998.19349088 
3.25971347 65040.24649232 
3.26497310 65081.02147804 
3.27023273 65120.51351465 
3.27549237 65158.71770300 
3.28075200 65195.62917854 
3.28601164 65231.24311176 
3.29127127 65265.55470846 
3.29653090 65298.55921021 
3.30179054 65330.25189471 
3.30705017 65360.62807613 
3.31230981 65389.68310550 
3.31756944 65417.41237112 
3.32282907 65443.81129890 
3.32808871 65468.87535276 
3.33334834 65492.60003502 
3.33860798 65514.98088675 
3.34386761 65536.01348819 
3.34912724 65555.69345909 
3.35438688 65574.01645917 
3.35964651 65590.97818842 
3.36490615 65606.57438753 
3.37016578 65620.80083830 
3.37542541 65633.65336399 
3.38068505 65645.12782972 
3.38594468 65655.22014288 
3.39120432 65663.92625350 
3.39646395 65671.24215465 
3.40172358 65677.16388286 
3.40698322 65681.68751848 
3.41224285 65684.80918609 
3.41750249 65686.52505489 
3.42276212 65686.83133914 
3.42802175 65685.72429849 
3.43328139 65683.20023845 
3.43854102 65679.25551074 
3.44380066 65673.88651372 
3.44906029 65667.08969279 
3.45431992 65658.86154079 
3.45957956 65649.19859841 
3.46483919 65638.09745460 
3.47009883 65625.55474697 
3.47535846 65611.56716221 
3.48061809 65596.13143648 
3.48587773 65579.24435585 
3.49113736 65560.90275669 
3.49639700 65541.10352609 
3.50165663 65519.84360227 
3.50691627 65497.11997502 
3.51217590 65472.92968607 
3.51743553 65447.26982956 
3.52269517 65420.13755242 
3.52795480 65391.53005479 
3.53321444 65361.44459048 
3.53847407 65329.87846734 
3.54373370 65296.82904772 
3.54899334 65262.29374888 
3.55425297 65226.27004340 
3.55951261 65188.75545964 
3.56477224 65149.74758215 
3.57003187 65109.24405207 
3.57529151 65067.24256761 
3.58055114 65023.74088443 
3.58581078 64978.73681611 
3.59107041 64932.22823457 
3.59633004 64884.21307049 
3.60158968 64834.68931376 
3.60684931 64783.65501389 
3.61210895 64731.10828048 
3.61736858 64677.04728364 
3.62262821 64621.47025443 
3.62788785 64564.37548528 
3.63314748 64505.76133048 
3.63840712 64445.62620655 
3.64366675 64383.96859276 
3.64892638 64320.78703150 
3.65418602 64256.08012878 
3.65944565 64189.84655464 
3.66470529 64122.08504361 
3.66996492 64052.79439518 
3.67522455 63981.97347419 
3.68048419 63909.62121133 
3.68574382 63835.73660359 
3.69100346 63760.31871466 
3.69626309 63683.36667544 
3.70152272 63604.87968448 
3.70678236 63524.85700840 
3.71204199 63443.29798240 
3.71730163 63360.20201065 
3.72256126 63275.56856683 
3.72782089 63189.39719450 
3.73308053 63101.68750763 
3.73834016 63012.43919102 
3.74359980 62921.65200078 
3.74885943 62829.32576478 
3.75411906 62735.46038314 
3.75937870 62640.05582865 
3.76463833 62543.11214727 
3.76989797 62444.62945859 
3.77515760 62344.60795630 
3.78041723 62243.04790864 
3.78567687 62139.94965888 
3.79093650 62035.31362581 
3.79619614 61929.14030420 
3.80145577 61821.43026523 
3.80671540 61712.18415705 
3.81197504 61601.40270517 
3.81723467 61489.08671299 
3.82249431 61375.23706226 
3.82775394 61259.85471354 
3.83301358 61142.94070672 
3.83827321 61024.49616145 
3.84353284 60904.52227766 
3.84879248 60783.02033603 
3.85405211 60659.99169846 
3.85931175 60535.43780858 
3.86457138 60409.36019221 
3.86983101 60281.76045785 
3.87509065 60152.64029717 
3.88035028 60022.00148553 
3.88560992 59889.84588240 
3.89086955 59756.17543192 
3.89612918 59620.99216334 
3.90138882 59484.29819153 
3.90664845 59346.09571750 
3.91190809 59206.38702885 
3.91716772 59065.17450028 
3.92242735 58922.46059411 
3.92768699 58778.24786073 
3.93294662 58632.53893915 
3.93820626 58485.33655746 
3.94346589 58336.64353335 
3.94872552 58186.46277461 
3.95398516 58034.79727961 
3.95924479 57881.65013785 
3.96450443 57727.02453040 
3.96976406 57570.92373047 
3.97502369 57413.35110387 
3.98028333 57254.31010953 
3.98554296 57093.80430004 
3.99080260 56931.83732208 
3.99606223 56768.41291704 
4.00132186 56603.53492142 
4.00658150 56437.20726743 
4.01184113 56269.43398345 
4.01710077 56100.21919456 
4.02236040 55929.56712307 
4.02762003 55757.48208902 
4.03287967 55583.96851069 
4.03813930 55409.03090514 
4.04339894 55232.67388870 
4.04865857 55054.90217755 
4.05391820 54875.72058814 
4.05917784 54695.13403782 
4.06443747 54513.14754530 
4.06969711 54329.76623118 
4.07495674 54144.99531850 
4.08021637 53958.84013323 
4.08547601 53771.30610485 
4.09073564 53582.39876681 
4.09599528 53392.12375713 
4.10125491 53200.48681887 
4.10651454 53007.49380071 
4.11177418 52813.15065743 
4.11703381 52617.46345051 
4.12229345 52420.43834861 
4.12755308 52222.08162811 
4.13281271 52022.39967368 
4.13807235 51821.39897878 
4.14333198 51619.08614624 
4.14859162 51415.46788874 
4.15385125 51210.55102943 
4.15911089 51004.34250237 
4.16437052 50796.84935317 
4.16963015 50588.07873949 
4.17488979 50378.03793157 
4.18014942 50166.73431280 
4.18540906 49954.17538025 
4.19066869 49740.36874524 
4.19592832 49525.32213387 
4.20118796 49309.04338755 
4.20644759 49091.54046362 
4.21170723 48872.82143581 
4.21696686 48652.89449487 
4.22222649 48431.76794906 
4.22748613 48209.45022477 
4.23274576 47985.94986700 
4.23800540 47761.27554001 
4.24326503 47535.43602777 
4.24852466 47308.44023461 
4.25378430 47080.29718572 
4.25904393 46851.01602774 
4.26430357 46620.60602933 
4.26956320 46389.07658169 
4.27482283 46156.43719917 
4.28008247 45922.69751980 
4.28534210 45687.86730587 
4.29060174 45451.95644451 
4.29586137 45214.97494823 
4.30112100 44976.93295550 
4.30638064 44737.84073133 
4.31164027 44497.70866783 
4.31689991 44256.54728477 
4.32215954 44014.36723019 
4.32741917 43771.17928092 
4.33267881 43526.99434320 
4.33793844 43281.82345323 
4.34319808 43035.67777775 
4.34845771 42788.56861464 
4.35371734 42540.50739346 
4.35897698 42291.50567607 
4.36423661 42041.57515715 
4.36949625 41790.72766487 
4.37475588 41538.97516139 
4.38001551 41286.32974349 
4.38527515 41032.80364312 
4.39053478 40778.40922804 
4.39579442 40523.15900234 
4.40105405 40267.06560709 
4.40631368 40010.14182085 
4.41157332 39752.40056036 
4.41683295 39493.85488105 
4.42209259 39234.51797765 
4.42735222 38974.40318480 
4.43261185 38713.52397764 
4.43787149 38451.89397239 
4.44313112 38189.52692696 
4.44839076 37926.43674152 
4.45365039 37662.63745913 
4.45891002 37398.14326633 
4.46416966 37132.96849371 
4.46942929 36867.12761657 
4.47468893 36600.63525544 
4.47994856 36333.50617677 
4.48520820 36065.75529345 
4.49046783 35797.39766548 
4.49572746 35528.44850054 
4.50098710 35258.92315460 
4.50624673 34988.83713254 
4.51150637 34718.20608874 
4.51676600 34447.04582771 
4.52202563 34175.37230468 
4.52728527 33903.20162623 
4.53254490 33630.55005087 
4.53780454 33357.43398969 
4.54306417 33083.87000696 
4.54832380 32809.87482074 
4.55358344 32535.46530349 
4.55884307 32260.65848271 
4.56410271 31985.47154154 
4.56936234 31709.92181937 
4.57462197 31434.02681248 
4.57988161 31157.80417467 
4.58514124 30881.27171784 
4.59040088 30604.44741264 
4.59566051 30327.34938911 
4.60092014 30049.99593727 
4.60617978 29772.40550777 
4.61143941 29494.59671251 
4.61669905 29216.58832525 
4.62195868 28938.39928227 
4.62721831 28660.04868298 
4.63247795 28381.55579055 
4.63773758 28102.94003257 
4.64299722 27824.22100163 
4.64825685 27545.41845599 
4.65351648 27266.55232022 
4.65877612 26987.64268581 
4.66403575 26708.70981183 
4.66929539 26429.77412554 
4.67455502 26150.85622306 
4.67981465 25871.97687000 
4.68507429 25593.15700207 
4.69033392 25314.41772577 
4.69559356 25035.78031900 
4.70085319 24757.26623172 
4.70611282 24478.89708657 
4.71137246 24200.69467954 
4.71663209 23922.68098061 
4.72189173 23644.87813440 
4.72715136 23367.30846081 
4.73241099 23089.99445567 
4.73767063 22812.95879138 
4.74293026 22536.22431760 
4.74818990 22259.81406186 
4.75344953 21983.75123024 
4.75870916 21708.05920800 
4.76396880 21432.76156025 
4.76922843 21157.88203261 
4.77448807 20883.44455186 
4.77974770 20609.47322661 
4.78500733 20335.99234793 
4.79026697 20063.02639004 
4.79552660 19790.60001094 
4.80078624 19518.73805312 
4.80604587 19247.46554418 
4.81130551 18976.80769750 
4.81656514 18706.78991292 
4.82182477 18437.43777740 
4.82708441 18168.77706569 
4.83234404 17900.83374097 
4.83760368 17633.63395556 
4.84286331 17367.20405156 
4.84812294 17101.57056155 
4.85338258 16836.76020923 
4.85864221 16572.79991010 
4.86390185 16309.71677214 
4.86916148 16047.53809649 
4.87442111 15786.29137813 
4.87968075 15526.00430651 
4.88494038 15266.70476630 
4.89020002 15008.42083802 
4.89545965 14751.18079871 
4.90071928 14495.01312266 
4.90597892 14239.94648203 
4.91123855 13986.00974760 
4.91649819 13733.23198940 
4.92175782 13481.64247739 
4.92701745 13231.27068221 
4.93227709 12982.14627578 
4.93753672 12734.29913207 
4.94279636 12487.75932770 
4.94805599 12242.55714273 
4.95331562 11998.72306125 
4.95857526 11756.28777214 
4.96383489 11515.28216974 
4.96909453 11275.73735454 
4.97435416 11037.68463387 
4.97961379 10801.15552260 
4.98487343 10566.18174385 
4.99013306 10332.79522966 
4.99539270 10101.02812170 
5.00065233 9870.91277197 
5.00591196 9642.48174352 
5.01117160 9415.76781109 
5.01643123 9190.80396189 
5.02169087 8967.62339624 
5.02695050 8746.25952829 
5.03221013 8526.74598676 
5.03746977 8309.11661559 
5.04272940 8093.40547469 
5.04798904 7879.64684062 
5.05324867 7667.87520730 
5.05850830 7458.12528675 
5.06376794 7250.43200976 
5.06902757 7044.83052662 
5.07428721 6841.35620785 
5.07954684 6640.04464486 
5.08480647 6440.93165072 
5.09006611 6244.05326086 
5.09532574 6049.44573375 
5.10058538 5857.14555166 
5.10584501 5667.18942138 
5.11110464 5479.61427490 
5.11636428 5294.45727015 
5.12162391 5111.75579174 
5.12688355 4931.54745164 
5.13214318 4753.87008995 
5.13740281 4578.76177559 
5.14266245 4406.26080703 
5.14792208 4236.40571302 
5.15318172 4069.23525332 
5.15844135 3904.78841942 
5.16370099 3743.10443529 
5.16896062 3584.22275805 
5.17422025 3428.18307879 
5.17947989 3275.02532322 
5.18473952 3124.78965244 
5.18999916 2977.51646367 
5.19525879 2833.24639098 
5.20051842 2692.02030604 
5.20577806 2553.87931882 
5.21103769 2418.86477836 
5.21629733 2287.01827351 
5.22155696 2158.38163362 
5.22681659 2032.99692936 
5.23207623 1910.90647339 
5.23733586 1792.15282113 
5.24259550 1676.77877149 
5.24785513 1564.82736766 
5.25311476 1456.34189778 
5.25837440 1351.36589574 
5.26363403 1249.94314191 
5.26889367 1152.11766389 
5.27415330 1057.93373724 
5.27941293 967.43588628 
5.28467257 880.66888476 
5.28993220 797.67775668 
5.29519184 718.50777703 
5.30045147 643.20447250 
5.30571110 571.81362230 
5.31097074 504.38125884 
5.31623037 440.95366857 
5.32149001 381.57739266 
5.32674964 326.29922781 
5.33200927 275.16622696 
5.33726891 228.22570012 
5.34252854 185.52521505 
5.34778818 147.11259810 
5.35304781 113.03593488 
5.35830744 83.34357113 
5.36356708 58.08411341 
5.36882671 37.30642987 
5.37408635 21.05965105 
5.37934598 9.39317063 
5.38460561 2.35664620 
5.38986525 0.00000000 
