0.00400000 55.59929152 
0.00925963 60.35486324 
0.01451927 65.26086098 
0.01977890 69.96894425 
0.02503854 74.47684703 
0.03029817 78.81729640 
0.03555780 83.02166173 
0.04081744 87.11543907 
0.04607707 91.11875214 
0.05133671 95.04750058 
0.05659634 98.91436738 
0.06185597 102.72958905 
0.06711561 106.50152507 
0.07237524 110.23707749 
0.07763488 113.94200236 
0.08289451 117.62114358 
0.08815414 121.27861049 
0.09341378 124.91791458 
0.09867341 128.54207598 
0.10393305 132.15370723 
0.10919268 135.75508000 
0.11445231 139.34817873 
0.11971195 142.93474409 
0.12497158 146.51630854 
0.13023122 150.09422564 
0.13549085 153.66969438 
0.14075048 157.24377952 
0.14601012 160.81742870 
0.15126975 164.39148692 
0.15652939 167.96670882 
0.16178902 171.54376927 
0.16704865 175.12327234 
0.17230829 178.70575916 
0.17756792 182.29171469 
0.18282756 185.88157357 
0.18808719 189.47572530 
0.19334683 193.07451872 
0.19860646 196.67826600 
0.20386609 200.28724617 
0.20912573 203.90170813 
0.21438536 207.52187350 
0.21964500 211.14793900 
0.22490463 214.78007869 
0.23016426 218.41844589 
0.23542390 222.06317493 
0.24068353 225.71438276 
0.24594317 229.37217036 
0.25120280 233.03662400 
0.25646243 236.70781643 
0.26172207 240.38580792 
0.26698170 244.07064724 
0.27224134 247.76237247 
0.27750097 251.46101185 
0.28276060 255.16658450 
0.28802024 258.87910104 
0.29327987 262.59856424 
0.29853951 266.32496954 
0.30379914 270.05830560 
0.30905877 273.79855473 
0.31431841 277.54569334 
0.31957804 281.29969234 
0.32483768 285.06051750 
0.33009731 288.82812981 
0.33535694 292.60248575 
0.34061658 296.38353763 
0.34587621 300.17123385 
0.35113585 303.96551910 
0.35639548 307.76633469 
0.36165511 311.57361865 
0.36691475 315.38730605 
0.37217438 319.20732908 
0.37743402 323.03361731 
0.38269365 326.86609781 
0.38795328 330.70469531 
0.39321292 334.54933235 
0.39847255 338.39992940 
0.40373219 342.25640501 
0.40899182 346.11867591 
0.41425145 349.98665712 
0.41951109 353.86026206 
0.42477072 357.73940264 
0.43003036 361.62398937 
0.43528999 365.51393141 
0.44054962 369.40913670 
0.44580926 373.30951201 
0.45106889 377.21496298 
0.45632853 381.12539426 
0.46158816 385.04070951 
0.46684779 388.96081151 
0.47210743 392.88560215 
0.47736706 396.81498259 
0.48262670 400.74885318 
0.48788633 404.68711363 
0.49314596 408.62966298 
0.49840560 412.57639967 
0.50366523 416.52722158 
0.50892487 420.48202606 
0.51418450 424.44070999 
0.51944414 428.40316977 
0.52470377 432.36930141 
0.52996340 436.33900054 
0.53522304 440.31216240 
0.54048267 444.28868194 
0.54574231 448.26845379 
0.55100194 452.25137232 
0.55626157 456.23733164 
0.56152121 460.22622564 
0.56678084 464.21794801 
0.57204048 468.21239228 
0.57730011 472.20945177 
0.58255974 476.20901972 
0.58781938 480.21098920 
0.59307901 484.21525321 
0.59833865 488.22170464 
0.60359828 492.23023633 
0.60885791 496.24074104 
0.61411755 500.25311153 
0.61937718 504.26724048 
0.62463682 508.28302062 
0.62989645 512.30034463 
0.63515608 516.31910524 
0.64041572 520.33919517 
0.64567535 524.36050722 
0.65093499 528.38293420 
0.65619462 532.40636901 
0.66145425 536.43070459 
0.66671389 540.45583397 
0.67197352 544.48165029 
0.67723316 548.50804675 
0.68249279 552.53491667 
0.68775242 556.56215350 
0.69301206 560.58965080 
0.69827169 564.61730224 
0.70353133 568.64500166 
0.70879096 572.67264302 
0.71405059 576.70012044 
0.71931023 580.72732819 
0.72456986 584.75416071 
0.72982950 588.78051261 
0.73508913 592.80627867 
0.74034876 596.83135384 
0.74560840 600.85563328 
0.75086803 604.87901232 
0.75612767 608.90138650 
0.76138730 612.92265155 
0.76664693 616.94270341 
0.77190657 620.96143822 
0.77716620 624.97875236 
0.78242584 628.99454240 
0.78768547 633.00870515 
0.79294510 637.02113763 
0.79820474 641.03173710 
0.80346437 645.04040105 
0.80872401 649.04702722 
0.81398364 653.05151357 
0.81924327 657.05375831 
0.82450291 661.05365990 
0.82976254 665.05111705 
0.83502218 669.04602871 
0.84028181 673.03829410 
0.84554145 677.02781270 
0.85080108 681.01448423 
0.85606071 684.99820869 
0.86132035 688.97888634 
0.86657998 692.95641770 
0.87183962 696.93070359 
0.87709925 700.90164506 
0.88235888 704.86914347 
0.88761852 708.83310043 
0.89287815 712.79341784 
0.89813779 716.74999789 
0.90339742 720.70274303 
0.90865705 724.65155601 
0.91391669 728.59633987 
0.91917632 732.53699793 
0.92443596 736.47343379 
0.92969559 740.40555135 
0.93495522 744.33325481 
0.94021486 748.25644865 
0.94547449 752.17503766 
0.95073413 756.08892691 
0.95599376 759.99802178 
0.96125339 763.90222794 
0.96651303 767.80145138 
0.97177266 771.69559836 
0.97703230 775.58457548 
0.98229193 779.46828962 
0.98755156 783.34664797 
0.99281120 787.21955802 
0.99807083 791.08692759 
1.00333047 794.94866479 
1.00859010 798.80467805 
1.01384973 802.65487609 
1.01910937 806.49916797 
1.02436900 810.33746305 
1.02962864 814.16967099 
1.03488827 817.99570180 
1.04014790 821.81546576 
1.04540754 825.62887350 
1.05066717 829.43583595 
1.05592681 833.23626437 
1.06118644 837.03007033 
1.06644607 840.81716572 
1.07170571 844.59746274 
1.07696534 848.37087394 
1.08222498 852.13731216 
1.08748461 855.89669057 
1.09274424 859.64892268 
1.09800388 863.39392230 
1.10326351 867.13160357 
1.10852315 870.86188097 
1.11378278 874.58466928 
1.11904241 878.29988363 
1.12430205 882.00743945 
1.12956168 885.70725251 
1.13482132 889.39923892 
1.14008095 893.08331509 
1.14534058 896.75939778 
1.15060022 900.42740407 
1.15585985 904.08725137 
1.16111949 907.73885742 
1.16637912 911.38214028 
1.17163876 915.01701835 
1.17689839 918.64341037 
1.18215802 922.26123538 
1.18741766 925.87041279 
1.19267729 929.47086232 
1.19793693 933.06250401 
1.20319656 936.64525826 
1.20845619 940.21904578 
1.21371583 943.78378764 
1.21897546 947.33940520 
1.22423510 950.88582021 
1.22949473 954.42295470 
1.23475436 957.95073107 
1.24001400 961.46907203 
1.24527363 964.97790065 
1.25053327 968.47714032 
1.25579290 971.96671477 
1.26105253 975.44654806 
1.26631217 978.91656459 
1.27157180 982.37668909 
1.27683144 985.82684664 
1.28209107 989.26696265 
1.28735070 992.69696286 
1.29261034 996.11677336 
1.29786997 999.52632056 
1.30312961 1002.92553122 
1.30838924 1006.31433245 
1.31364887 1009.69265166 
1.31890851 1013.06041664 
1.32416814 1016.41755549 
1.32942778 1019.76399666 
1.33468741 1023.09966894 
1.33994704 1026.42450146 
1.34520668 1029.73842368 
1.35046631 1033.04136539 
1.35572595 1036.33325676 
1.36098558 1039.61402825 
1.36624521 1042.88361070 
1.37150485 1046.14193526 
1.37676448 1049.38893344 
1.38202412 1052.62453707 
1.38728375 1055.84867835 
1.39254338 1059.06128980 
1.39780302 1062.26230427 
1.40306265 1065.45165497 
1.40832229 1068.62927545 
1.41358192 1071.79509960 
1.41884155 1074.94906164 
1.42410119 1078.09109613 
1.42936082 1081.22113799 
1.43462046 1084.33912247 
1.43988009 1087.44498516 
1.44513972 1090.53866198 
1.45039936 1093.62008923 
1.45565899 1096.68920351 
1.46091863 1099.74594178 
1.46617826 1102.79024135 
1.47143789 1105.82203985 
1.47669753 1108.84127526 
1.48195716 1111.84788593 
1.48721680 1114.84181050 
1.49247643 1117.82298801 
1.49773607 1120.79135779 
1.50299570 1123.74685954 
1.50825533 1126.68943331 
1.51351497 1129.61901946 
1.51877460 1132.53555874 
1.52403424 1135.43899220 
1.52929387 1138.32926125 
1.53455350 1141.20630764 
1.53981314 1144.07007347 
1.54507277 1146.92050118 
1.55033241 1149.75753355 
1.55559204 1152.58111369 
1.56085167 1155.39118509 
1.56611131 1158.18769154 
1.57137094 1160.97057720 
1.57663058 1163.73978657 
1.58189021 1166.49526448 
1.58714984 1169.23695613 
1.59240948 1171.96480703 
1.59766911 1174.67876306 
1.60292875 1177.37877044 
1.60818838 1180.06477571 
1.61344801 1182.73672577 
1.61870765 1185.39456788 
1.62396728 1188.03824962 
1.62922692 1190.66771893 
1.63448655 1193.28292407 
1.63974618 1195.88381366 
1.64500582 1198.47033668 
1.65026545 1201.04244242 
1.65552509 1203.60008053 
1.66078472 1206.14320102 
1.66604435 1208.67175421 
1.67130399 1211.18569079 
1.67656362 1213.68496178 
1.68182326 1216.16951856 
1.68708289 1218.63931284 
1.69234252 1221.09429667 
1.69760216 1223.53442246 
1.70286179 1225.95964295 
1.70812143 1228.36991124 
1.71338106 1230.76518074 
1.71864069 1233.14540526 
1.72390033 1235.51053889 
1.72915996 1237.86053612 
1.73441960 1240.19535174 
1.73967923 1242.51494092 
1.74493886 1244.81925916 
1.75019850 1247.10826228 
1.75545813 1249.38190649 
1.76071777 1251.64014831 
1.76597740 1253.88294461 
1.77123703 1256.11025262 
1.77649667 1258.32202990 
1.78175630 1260.51823435 
1.78701594 1262.69882422 
1.79227557 1264.86375812 
1.79753520 1267.01299497 
1.80279484 1269.14649407 
1.80805447 1271.26421505 
1.81331411 1273.36611787 
1.81857374 1275.45216284 
1.82383337 1277.52231064 
1.82909301 1279.57652227 
1.83435264 1281.61475907 
1.83961228 1283.63698274 
1.84487191 1285.64315532 
1.85013155 1287.63323918 
1.85539118 1289.60719705 
1.86065081 1291.56499201 
1.86591045 1293.50658747 
1.87117008 1295.43194718 
1.87642972 1297.34103525 
1.88168935 1299.23381612 
1.88694898 1301.11025459 
1.89220862 1302.97031578 
1.89746825 1304.81396519 
1.90272789 1306.64116863 
1.90798752 1308.45189227 
1.91324715 1310.24610262 
1.91850679 1312.02376653 
1.92376642 1313.78485121 
1.92902606 1315.52932421 
1.93428569 1317.25715340 
1.93954532 1318.96830702 
1.94480496 1320.66275365 
1.95006459 1322.34046221 
1.95532423 1324.00140195 
1.96058386 1325.64554250 
1.96584349 1327.27285380 
1.97110313 1328.88330615 
1.97636276 1330.47687018 
1.98162240 1332.05351689 
1.98688203 1333.61321760 
1.99214166 1335.15594398 
1.99740130 1336.68166806 
2.00266093 1338.19036218 
2.00792057 1339.68199906 
2.01318020 1341.15655174 
2.01843983 1342.61399362 
2.02369947 1344.05429843 
2.02895910 1345.47744025 
2.03421874 1346.88339350 
2.03947837 1348.27213296 
2.04473800 1349.64363373 
2.04999764 1350.99787126 
2.05525727 1352.33482137 
2.06051691 1353.65446019 
2.06577654 1354.95676420 
2.07103617 1356.24171024 
2.07629581 1357.50927548 
2.08155544 1358.75943745 
2.08681508 1359.99217399 
2.09207471 1361.20746332 
2.09733434 1362.40528398 
2.10259398 1363.58561488 
2.10785361 1364.74843523 
2.11311325 1365.89372463 
2.11837288 1367.02146300 
2.12363251 1368.13163060 
2.12889215 1369.22420804 
2.13415178 1370.29917628 
2.13941142 1371.35651662 
2.14467105 1372.39621070 
2.14993068 1373.41824050 
2.15519032 1374.42258834 
2.16044995 1375.40923691 
2.16570959 1376.37816921 
2.17096922 1377.32936861 
2.17622886 1378.26281880 
2.18148849 1379.17850383 
2.18674812 1380.07640809 
2.19200776 1380.95651631 
2.19726739 1381.81881356 
2.20252703 1382.66328527 
2.20778666 1383.48991720 
2.21304629 1384.29869544 
2.21830593 1385.08960645 
2.22356556 1385.86263701 
2.22882520 1386.61777427 
2.23408483 1387.35500570 
2.23934446 1388.07431912 
2.24460410 1388.77570269 
2.24986373 1389.45914492 
2.25512337 1390.12463466 
2.26038300 1390.77216111 
2.26564263 1391.40171379 
2.27090227 1392.01328258 
2.27616190 1392.60685772 
2.28142154 1393.18242975 
2.28668117 1393.73998960 
2.29194080 1394.27952851 
2.29720044 1394.80103807 
2.30246007 1395.30451021 
2.30771971 1395.78993723 
2.31297934 1396.25731173 
2.31823897 1396.70662669 
2.32349861 1397.13787541 
2.32875824 1397.55105153 
2.33401788 1397.94614906 
2.33927751 1398.32316233 
2.34453714 1398.68208601 
2.34979678 1399.02291513 
2.35505641 1399.34564504 
2.36031605 1399.65027146 
2.36557568 1399.93679043 
2.37083531 1400.20519834 
2.37609495 1400.45549193 
2.38135458 1400.68766826 
2.38661422 1400.90172477 
2.39187385 1401.09765920 
2.39713348 1401.27546966 
2.40239312 1401.43515460 
2.40765275 1401.57671280 
2.41291239 1401.70014339 
2.41817202 1401.80544585 
2.42343165 1401.89261998 
2.42869129 1401.96166595 
2.43395092 1402.01258425 
2.43921056 1402.04537572 
2.44447019 1402.06004155 
2.44972982 1402.05658326 
2.45498946 1402.03500272 
2.46024909 1401.99530213 
2.46550873 1401.93748405 
2.47076836 1401.86155137 
2.47602799 1401.76750733 
2.48128763 1401.65535550 
2.48654726 1401.52509980 
2.49180690 1401.37674449 
2.49706653 1401.21029417 
2.50232617 1401.02575380 
2.50758580 1400.82312864 
2.51284543 1400.60242434 
2.51810507 1400.36364687 
2.52336470 1400.10680252 
2.52862434 1399.83189797 
2.53388397 1399.53894019 
2.53914360 1399.22793653 
2.54440324 1398.89889467 
2.54966287 1398.55182262 
2.55492251 1398.18672875 
2.56018214 1397.80362176 
2.56544177 1397.40251069 
2.57070141 1396.98340493 
2.57596104 1396.54631421 
2.58122068 1396.09124859 
2.58648031 1395.61821848 
2.59173994 1395.12723464 
2.59699958 1394.61830815 
2.60225921 1394.09145046 
2.60751885 1393.54667334 
2.61277848 1392.98398889 
2.61803811 1392.40340959 
2.62329775 1391.80494822 
2.62855738 1391.18861793 
2.63381702 1390.55443220 
2.63907665 1389.90240486 
2.64433628 1389.23255005 
2.64959592 1388.54488229 
2.65485555 1387.83941643 
2.66011519 1387.11616765 
2.66537482 1386.37515147 
2.67063445 1385.61638376 
2.67589409 1384.83988073 
2.68115372 1384.04565894 
2.68641336 1383.23373527 
2.69167299 1382.40412695 
2.69693262 1381.55685156 
2.70219226 1380.69192700 
2.70745189 1379.80937154 
2.71271153 1378.90920376 
2.71797116 1377.99144260 
2.72323079 1377.05610733 
2.72849043 1376.10321757 
2.73375006 1375.13279328 
2.73900970 1374.14485475 
2.74426933 1373.13942262 
2.74952896 1372.11651787 
2.75478860 1371.07616181 
2.76004823 1370.01837611 
2.76530787 1368.94318276 
2.77056750 1367.85060411 
2.77582713 1366.74066282 
2.78108677 1365.61338193 
2.78634640 1364.46878479 
2.79160604 1363.30689510 
2.79686567 1362.12773690 
2.80212530 1360.93133458 
2.80738494 1359.71771284 
2.81264457 1358.48689676 
2.81790421 1357.23891174 
2.82316384 1355.97378351 
2.82842348 1354.69153815 
2.83368311 1353.39220210 
2.83894274 1352.07580209 
2.84420238 1350.74236525 
2.84946201 1349.39191900 
2.85472165 1348.02449113 
2.85998128 1346.64010976 
2.86524091 1345.23880334 
2.87050055 1343.82060068 
2.87576018 1342.38553092 
2.88101982 1340.93362353 
2.88627945 1339.46490833 
2.89153908 1337.97941548 
2.89679872 1336.47717548 
2.90205835 1334.95821917 
2.90731799 1333.42257772 
2.91257762 1331.87028264 
2.91783725 1330.30136580 
2.92309689 1328.71585938 
2.92835652 1327.11379593 
2.93361616 1325.49520831 
2.93887579 1323.86012975 
2.94413542 1322.20859378 
2.94939506 1320.54063430 
2.95465469 1318.85628555 
2.95991433 1317.15558209 
2.96517396 1315.43855883 
2.97043359 1313.70525102 
2.97569323 1311.95569425 
2.98095286 1310.18992444 
2.98621250 1308.40797786 
2.99147213 1306.60989111 
2.99673176 1304.79570114 
3.00199140 1302.96544523 
3.00725103 1301.11916099 
3.01251067 1299.25688639 
3.01777030 1297.37865973 
3.02302993 1295.48451964 
3.02828957 1293.57450511 
3.03354920 1291.64865544 
3.03880884 1289.70701029 
3.04406847 1287.74960965 
3.04932810 1285.77649385 
3.05458774 1283.78770356 
3.05984737 1281.78327980 
3.06510701 1279.76326390 
3.07036664 1277.72769755 
3.07562627 1275.67662278 
3.08088591 1273.61008194 
3.08614554 1271.52811774 
3.09140518 1269.43077321 
3.09666481 1267.31809174 
3.10192444 1265.19011703 
3.10718408 1263.04689315 
3.11244371 1260.88846448 
3.11770335 1258.71487575 
3.12296298 1256.52617203 
3.12822261 1254.32239873 
3.13348225 1252.10360159 
3.13874188 1249.86982669 
3.14400152 1247.62112046 
3.14926115 1245.35752965 
3.15452079 1243.07910135 
3.15978042 1240.78588301 
3.16504005 1238.47792239 
3.17029969 1236.15526761 
3.17555932 1233.81796711 
3.18081896 1231.46606968 
3.18607859 1229.09962443 
3.19133822 1226.71868084 
3.19659786 1224.32328870 
3.20185749 1221.91349815 
3.20711713 1219.48935965 
3.21237676 1217.05092403 
3.21763639 1214.59824242 
3.22289603 1212.13136633 
3.22815566 1209.65034756 
3.23341530 1207.15523829 
3.23867493 1204.64609101 
3.24393456 1202.12295856 
3.24919420 1199.58589410 
3.25445383 1197.03495116 
3.25971347 1194.47018358 
3.26497310 1191.89164554 
3.27023273 1189.29939157 
3.27549237 1186.69347652 
3.28075200 1184.07395560 
3.28601164 1181.44088434 
3.29127127 1178.79431860 
3.29653090 1176.13431460 
3.30179054 1173.46092889 
3.30705017 1170.77421833 
3.31230981 1168.07424015 
3.31756944 1165.36105192 
3.32282907 1162.63471151 
3.32808871 1159.89527716 
3.33334834 1157.14280743 
3.33860798 1154.37736124 
3.34386761 1151.59899781 
3.34912724 1148.80777672 
3.35438688 1146.00375789 
3.35964651 1143.18700156 
3.36490615 1140.35756832 
3.37016578 1137.51551910 
3.37542541 1134.66091515 
3.38068505 1131.79381807 
3.38594468 1128.91428979 
3.39120432 1126.02239257 
3.39646395 1123.11818903 
3.40172358 1120.20174210 
3.40698322 1117.27311506 
3.41224285 1114.33237152 
3.41750249 1111.37957544 
3.42276212 1108.41479110 
3.42802175 1105.43808311 
3.43328139 1102.44951645 
3.43854102 1099.44915640 
3.44380066 1096.43706859 
3.44906029 1093.41331899 
3.45431992 1090.37797390 
3.45957956 1087.33109996 
3.46483919 1084.27276414 
3.47009883 1081.20303375 
3.47535846 1078.12197644 
3.48061809 1075.02966019 
3.48587773 1071.92615332 
3.49113736 1068.81152447 
3.49639700 1065.68584264 
3.50165663 1062.54917715 
3.50691627 1059.40159766 
3.51217590 1056.24317417 
3.51743553 1053.07397700 
3.52269517 1049.89407682 
3.52795480 1046.70354463 
3.53321444 1043.50245178 
3.53847407 1040.29086993 
3.54373370 1037.06887109 
3.54899334 1033.83652760 
3.55425297 1030.59391214 
3.55951261 1027.34109773 
3.56477224 1024.07815770 
3.57003187 1020.80516576 
3.57529151 1017.52219591 
3.58055114 1014.22932252 
3.58581078 1010.92662026 
3.59107041 1007.61416416 
3.59633004 1004.29202958 
3.60158968 1000.96029222 
3.60684931 997.61902811 
3.61210895 994.26831360 
3.61736858 990.90822540 
3.62262821 987.53884054 
3.62788785 984.16023638 
3.63314748 980.77249064 
3.63840712 977.37568134 
3.64366675 973.96988687 
3.64892638 970.55518592 
3.65418602 967.13165753 
3.65944565 963.69938109 
3.66470529 960.25843630 
3.66996492 956.80890321 
3.67522455 953.35086220 
3.68048419 949.88439398 
3.68574382 946.40957959 
3.69100346 942.92650042 
3.69626309 939.43523819 
3.70152272 935.93587495 
3.70678236 932.42849307 
3.71204199 928.91317529 
3.71730163 925.39000465 
3.72256126 921.85906454 
3.72782089 918.32043867 
3.73308053 914.77421112 
3.73834016 911.22046626 
3.74359980 907.65928881 
3.74885943 904.09076384 
3.75411906 900.51497673 
3.75937870 896.93201322 
3.76463833 893.34195935 
3.76989797 889.74490152 
3.77515760 886.14092645 
3.78041723 882.53012120 
3.78567687 878.91257318 
3.79093650 875.28837009 
3.79619614 871.65760001 
3.80145577 868.02035133 
3.80671540 864.37671276 
3.81197504 860.72677338 
3.81723467 857.07062258 
3.82249431 853.40835008 
3.82775394 849.74004595 
3.83301358 846.06580057 
3.83827321 842.38570468 
3.84353284 838.69984933 
3.84879248 835.00832592 
3.85405211 831.31122617 
3.85931175 827.60864215 
3.86457138 823.90066624 
3.86983101 820.18739118 
3.87509065 816.46891001 
3.88035028 812.74531613 
3.88560992 809.01670327 
3.89086955 805.28316548 
3.89612918 801.54479715 
3.90138882 797.80169301 
3.90664845 794.05394810 
3.91190809 790.30165782 
3.91716772 786.54491789 
3.92242735 782.78382435 
3.92768699 779.01847361 
3.93294662 775.24896236 
3.93820626 771.47538768 
3.94346589 767.69784693 
3.94872552 763.91643783 
3.95398516 760.13125844 
3.95924479 756.34240713 
3.96450443 752.54998261 
3.96976406 748.75408393 
3.97502369 744.95481047 
3.98028333 741.15226193 
3.98554296 737.34653836 
3.99080260 733.53774013 
3.99606223 729.72596795 
4.00132186 725.91132285 
4.00658150 722.09390620 
4.01184113 718.27381970 
4.01710077 714.45116539 
4.02236040 710.62604564 
4.02762003 706.79856313 
4.03287967 702.96882090 
4.03813930 699.13692231 
4.04339894 695.30297105 
4.04865857 691.46707114 
4.05391820 687.62932694 
4.05917784 683.78984314 
4.06443747 679.94872475 
4.06969711 676.10607713 
4.07495674 672.26200595 
4.08021637 668.41661723 
4.08547601 664.57001731 
4.09073564 660.72231288 
4.09599528 656.87361092 
4.10125491 653.02401879 
4.10651454 649.17364416 
4.11177418 645.32259501 
4.11703381 641.47097969 
4.12229345 637.61890686 
4.12755308 633.76648551 
4.13281271 629.91382496 
4.13807235 626.06103487 
4.14333198 622.20822524 
4.14859162 618.35550636 
4.15385125 614.50298890 
4.15911089 610.65078383 
4.16437052 606.79900247 
4.16963015 602.94775645 
4.17488979 599.09715774 
4.18014942 595.24731864 
4.18540906 591.39835180 
4.19066869 587.55037016 
4.19592832 583.70348704 
4.20118796 579.85781604 
4.20644759 576.01347112 
4.21170723 572.17056657 
4.21696686 568.32921700 
4.22222649 564.48953737 
4.22748613 560.65164294 
4.23274576 556.81564931 
4.23800540 552.98167244 
4.24326503 549.14982858 
4.24852466 545.32023432 
4.25378430 541.49300661 
4.25904393 537.66826268 
4.26430357 533.84612013 
4.26956320 530.02669688 
4.27482283 526.21011117 
4.28008247 522.39648158 
4.28534210 518.58592701 
4.29060174 514.77856670 
4.29586137 510.97452021 
4.30112100 507.17390744 
4.30638064 503.37684862 
4.31164027 499.58346430 
4.31689991 495.79387536 
4.32215954 492.00820301 
4.32741917 488.22656880 
4.33267881 484.44909461 
4.33793844 480.67590262 
4.34319808 476.90711538 
4.34845771 473.14285575 
4.35371734 469.38324690 
4.35897698 465.62841238 
4.36423661 461.87847601 
4.36949625 458.13356197 
4.37475588 454.39379479 
4.38001551 450.65929928 
4.38527515 446.93020061 
4.39053478 443.20662429 
4.39579442 439.48869612 
4.40105405 435.77654226 
4.40631368 432.07028919 
4.41157332 428.37006372 
4.41683295 424.67599298 
4.42209259 420.98820445 
4.42735222 417.30682591 
4.43261185 413.63198549 
4.43787149 409.96381165 
4.44313112 406.30243316 
4.44839076 402.64797913 
4.45365039 399.00057900 
4.45891002 395.36036254 
4.46416966 391.72745983 
4.46942929 388.10200131 
4.47468893 384.48411772 
4.47994856 380.87394014 
4.48520820 377.27159998 
4.49046783 373.67722898 
4.49572746 370.09095919 
4.50098710 366.51292301 
4.50624673 362.94325317 
4.51150637 359.38208270 
4.51676600 355.82954498 
4.52202563 352.28577372 
4.52728527 348.75090295 
4.53254490 345.22506702 
4.53780454 341.70840063 
4.54306417 338.20103879 
4.54832380 334.70311683 
4.55358344 331.21477043 
4.55884307 327.73613560 
4.56410271 324.26734864 
4.56936234 320.80854622 
4.57462197 317.35986531 
4.57988161 313.92144323 
4.58514124 310.49341760 
4.59040088 307.07592639 
4.59566051 303.66910789 
4.60092014 300.27310072 
4.60617978 296.88804381 
4.61143941 293.51407644 
4.61669905 290.15133821 
4.62195868 286.79996903 
4.62721831 283.46010918 
4.63247795 280.13189921 
4.63773758 276.81548005 
4.64299722 273.51099292 
4.64825685 270.21857938 
4.65351648 266.93838131 
4.65877612 263.67054094 
4.66403575 260.41520079 
4.66929539 257.17250375 
4.67455502 253.94259299 
4.67981465 250.72561205 
4.68507429 247.52170476 
4.69033392 244.33101530 
4.69559356 241.15368816 
4.70085319 237.98986818 
4.70611282 234.83970051 
4.71137246 231.70333062 
4.71663209 228.58090432 
4.72189173 225.47256773 
4.72715136 222.37846732 
4.73241099 219.29874987 
4.73767063 216.23356249 
4.74293026 213.18305260 
4.74818990 210.14736798 
4.75344953 207.12665671 
4.75870916 204.12106720 
4.76396880 201.13074820 
4.76922843 198.15584876 
4.77448807 195.19651827 
4.77974770 192.25290646 
4.78500733 189.32516336 
4.79026697 186.41343934 
4.79552660 183.51788509 
4.80078624 180.63865164 
4.80604587 177.77589032 
4.81130551 174.92975280 
4.81656514 172.10039109 
4.82182477 169.28795749 
4.82708441 166.49260466 
4.83234404 163.71448556 
4.83760368 160.95375349 
4.84286331 158.21056208 
4.84812294 155.48506526 
4.85338258 152.77741731 
4.85864221 150.08777282 
4.86390185 147.41628672 
4.86916148 144.76311426 
4.87442111 142.12841099 
4.87968075 139.51233282 
4.88494038 136.91503598 
4.89020002 134.33667699 
4.89545965 131.77741274 
4.90071928 129.23740042 
4.90597892 126.71679755 
4.91123855 124.21576197 
4.91649819 121.73445184 
4.92175782 119.27302568 
4.92701745 116.83164228 
4.93227709 114.41046079 
4.93753672 112.00964068 
4.94279636 109.62934174 
4.94805599 107.26972408 
4.95331562 104.93094814 
4.95857526 102.61317469 
4.96383489 100.31656480 
4.96909453 98.04127990 
4.97435416 95.78748172 
4.97961379 93.55533231 
4.98487343 91.34499405 
4.99013306 89.15662967 
4.99539270 86.99040217 
5.00065233 84.84647493 
5.00591196 82.72501162 
5.01117160 80.62617623 
5.01643123 78.55013310 
5.02169087 76.49704687 
5.02695050 74.46708252 
5.03221013 72.46040534 
5.03746977 70.47718095 
5.04272940 68.51757529 
5.04798904 66.58175464 
5.05324867 64.66988557 
5.05850830 62.78213500 
5.06376794 60.91867018 
5.06902757 59.07965864 
5.07428721 57.26526829 
5.07954684 55.47566732 
5.08480647 53.71102426 
5.09006611 51.97150797 
5.09532574 50.25728761 
5.10058538 48.56853268 
5.10584501 46.90541301 
5.11110464 45.26809873 
5.11636428 43.65676032 
5.12162391 42.07156855 
5.12688355 40.51269455 
5.13214318 38.98030973 
5.13740281 37.47458587 
5.14266245 35.99569502 
5.14792208 34.54380961 
5.15318172 33.11910235 
5.15844135 31.72174628 
5.16370099 30.35191477 
5.16896062 29.00978152 
5.17422025 27.69552053 
5.17947989 26.40930613 
5.18473952 25.15131300 
5.18999916 23.92171609 
5.19525879 22.72069072 
5.20051842 21.54841250 
5.20577806 20.40505739 
5.21103769 19.29080164 
5.21629733 18.20582184 
5.22155696 17.15029490 
5.22681659 16.12439806 
5.23207623 15.12830886 
5.23733586 14.16220519 
5.24259550 13.22626524 
5.24785513 12.32066751 
5.25311476 11.44559087 
5.25837440 10.60121446 
5.26363403 9.78771776 
5.26889367 9.00528059 
5.27415330 8.25408306 
5.27941293 7.53430561 
5.28467257 6.84612903 
5.28993220 6.18973439 
5.29519184 5.56530310 
5.30045147 4.97301690 
5.30571110 4.41305783 
5.31097074 3.88560827 
5.31623037 3.39085091 
5.32149001 2.92896876 
5.32674964 2.50014516 
5.33200927 2.10456376 
5.33726891 1.74240854 
5.34252854 1.41386379 
5.34778818 1.11911414 
5.35304781 0.85834451 
5.35830744 0.63174017 
5.36356708 0.43948670 
5.36882671 0.28177000 
5.37408635 0.15877627 
5.37934598 0.07069207 
5.38460561 0.01770425 
5.38986525 0.00000000 
