0.00400000 52.81272368 
0.00925963 57.33685602 
0.01451927 62.00494395 
0.01977890 66.48602753 
0.02503854 70.77787676 
0.03029817 74.91152094 
0.03555780 78.91671446 
0.04081744 82.81764297 
0.04607707 86.63339622 
0.05133671 90.37905677 
0.05659634 94.06665563 
0.06185597 97.70590294 
0.06711561 101.30472817 
0.07237524 104.86967823 
0.07763488 108.40621301 
0.08289451 111.91892712 
0.08815414 115.41171844 
0.09341378 118.88791783 
0.09867341 122.35039009 
0.10393305 125.80161346 
0.10919268 129.24374291 
0.11445231 132.67866102 
0.11971195 136.10801917 
0.12497158 139.53327131 
0.13023122 142.95570173 
0.13549085 146.37644814 
0.14075048 149.79652098 
0.14601012 153.21681962 
0.15126975 156.63814608 
0.15652939 160.06121673 
0.16178902 163.48667225 
0.16704865 166.91508621 
0.17230829 170.34697250 
0.17756792 173.78279170 
0.18282756 177.22295671 
0.18808719 180.66783757 
0.19334683 184.11776582 
0.19860646 187.57303816 
0.20386609 191.03391985 
0.20912573 194.50064761 
0.21438536 197.97343225 
0.21964500 201.45246095 
0.22490463 204.93789939 
0.23016426 208.42989356 
0.23542390 211.92857144 
0.24068353 215.43404450 
0.24594317 218.94640903 
0.25120280 222.46574737 
0.25646243 225.99212902 
0.26172207 229.52561162 
0.26698170 233.06624186 
0.27224134 236.61405629 
0.27750097 240.16908212 
0.28276060 243.73133785 
0.28802024 247.30083391 
0.29327987 250.87757327 
0.29853951 254.46155192 
0.30379914 258.05275937 
0.30905877 261.65117912 
0.31431841 265.25678902 
0.31957804 268.86956168 
0.32483768 272.48946483 
0.33009731 276.11646160 
0.33535694 279.75051086 
0.34061658 283.39156745 
0.34587621 287.03958250 
0.35113585 290.69450361 
0.35639548 294.35627510 
0.36165511 298.02483819 
0.36691475 301.70013123 
0.37217438 305.38208985 
0.37743402 309.07064712 
0.38269365 312.76573375 
0.38795328 316.46727817 
0.39321292 320.17520672 
0.39847255 323.88944374 
0.40373219 327.60991172 
0.40899182 331.33653140 
0.41425145 335.06922185 
0.41951109 338.80790062 
0.42477072 342.55248377 
0.43003036 346.30288601 
0.43528999 350.05902076 
0.44054962 353.82080022 
0.44580926 357.58813546 
0.45106889 361.36093648 
0.45632853 365.13911225 
0.46158816 368.92257083 
0.46684779 372.71121936 
0.47210743 376.50496417 
0.47736706 380.30371080 
0.48262670 384.10736404 
0.48788633 387.91582803 
0.49314596 391.72900622 
0.49840560 395.54680149 
0.50366523 399.36911614 
0.50892487 403.19585197 
0.51418450 407.02691025 
0.51944414 410.86219182 
0.52470377 414.70159709 
0.52996340 418.54502606 
0.53522304 422.39237839 
0.54048267 426.24355337 
0.54574231 430.09845001 
0.55100194 433.95696700 
0.55626157 437.81900279 
0.56152121 441.68445558 
0.56678084 445.55322333 
0.57204048 449.42520384 
0.57730011 453.30029469 
0.58255974 457.17839333 
0.58781938 461.05939704 
0.59307901 464.94320299 
0.59833865 468.82970823 
0.60359828 472.71880972 
0.60885791 476.61040434 
0.61411755 480.50438890 
0.61937718 484.40066016 
0.62463682 488.29911484 
0.62989645 492.19964964 
0.63515608 496.10216124 
0.64041572 500.00654630 
0.64567535 503.91270151 
0.65093499 507.82052358 
0.65619462 511.72990923 
0.66145425 515.64075523 
0.66671389 519.55295839 
0.67197352 523.46641559 
0.67723316 527.38102376 
0.68249279 531.29667990 
0.68775242 535.21328111 
0.69301206 539.13072457 
0.69827169 543.04890754 
0.70353133 546.96772740 
0.70879096 550.88708165 
0.71405059 554.80686787 
0.71931023 558.72698380 
0.72456986 562.64732729 
0.72982950 566.56779632 
0.73508913 570.48828902 
0.74034876 574.40870367 
0.74560840 578.32893869 
0.75086803 582.24889265 
0.75612767 586.16846430 
0.76138730 590.08755254 
0.76664693 594.00605644 
0.77190657 597.92387524 
0.77716620 601.84090839 
0.78242584 605.75705547 
0.78768547 609.67221630 
0.79294510 613.58629084 
0.79820474 617.49917928 
0.80346437 621.41078199 
0.80872401 625.32099954 
0.81398364 629.22973272 
0.81924327 633.13688250 
0.82450291 637.04235009 
0.82976254 640.94603688 
0.83502218 644.84784452 
0.84028181 648.74767483 
0.84554145 652.64542988 
0.85080108 656.54101195 
0.85606071 660.43432357 
0.86132035 664.32526748 
0.86657998 668.21374665 
0.87183962 672.09966428 
0.87709925 675.98292383 
0.88235888 679.86342897 
0.88761852 683.74108363 
0.89287815 687.61579198 
0.89813779 691.48745841 
0.90339742 695.35598759 
0.90865705 699.22128441 
0.91391669 703.08325404 
0.91917632 706.94180187 
0.92443596 710.79683356 
0.92969559 714.64825503 
0.93495522 718.49597244 
0.94021486 722.33989222 
0.94547449 726.17992106 
0.95073413 730.01596590 
0.95599376 733.84793395 
0.96125339 737.67573269 
0.96651303 741.49926985 
0.97177266 745.31845345 
0.97703230 749.13319175 
0.98229193 752.94339330 
0.98755156 756.74896691 
0.99281120 760.54982166 
0.99807083 764.34586692 
1.00333047 768.13701230 
1.00859010 771.92316773 
1.01384973 775.70424337 
1.01910937 779.48014970 
1.02436900 783.25079743 
1.02962864 787.01609760 
1.03488827 790.77596149 
1.04014790 794.53030068 
1.04540754 798.27902704 
1.05066717 802.02205269 
1.05592681 805.75929007 
1.06118644 809.49065188 
1.06644607 813.21605112 
1.07170571 816.93540107 
1.07696534 820.64861529 
1.08222498 824.35560765 
1.08748461 828.05629227 
1.09274424 831.75058360 
1.09800388 835.43839635 
1.10326351 839.11964554 
1.10852315 842.79424647 
1.11378278 846.46211474 
1.11904241 850.12316623 
1.12430205 853.77731713 
1.12956168 857.42448391 
1.13482132 861.06458334 
1.14008095 864.69753248 
1.14534058 868.32324870 
1.15060022 871.94164965 
1.15585985 875.55265328 
1.16111949 879.15617784 
1.16637912 882.75214188 
1.17163876 886.34046425 
1.17689839 889.92106410 
1.18215802 893.49386086 
1.18741766 897.05877428 
1.19267729 900.61572441 
1.19793693 904.16463160 
1.20319656 907.70541648 
1.20845619 911.23800001 
1.21371583 914.76230345 
1.21897546 918.27824833 
1.22423510 921.78575653 
1.22949473 925.28475020 
1.23475436 928.77515181 
1.24001400 932.25688412 
1.24527363 935.72987021 
1.25053327 939.19403346 
1.25579290 942.64929756 
1.26105253 946.09558648 
1.26631217 949.53282454 
1.27157180 952.96093633 
1.27683144 956.37984676 
1.28209107 959.78948105 
1.28735070 963.18976474 
1.29261034 966.58062364 
1.29786997 969.96198391 
1.30312961 973.33377199 
1.30838924 976.69591465 
1.31364887 980.04833895 
1.31890851 983.39097228 
1.32416814 986.72374232 
1.32942778 990.04657708 
1.33468741 993.35940486 
1.33994704 996.66215428 
1.34520668 999.95475428 
1.35046631 1003.23713411 
1.35572595 1006.50922331 
1.36098558 1009.77095177 
1.36624521 1013.02224965 
1.37150485 1016.26304745 
1.37676448 1019.49327598 
1.38202412 1022.71286635 
1.38728375 1025.92175001 
1.39254338 1029.11985870 
1.39780302 1032.30712447 
1.40306265 1035.48347970 
1.40832229 1038.64885709 
1.41358192 1041.80318963 
1.41884155 1044.94641065 
1.42410119 1048.07845378 
1.42936082 1051.19925297 
1.43462046 1054.30874249 
1.43988009 1057.40685691 
1.44513972 1060.49353113 
1.45039936 1063.56870038 
1.45565899 1066.63230017 
1.46091863 1069.68426636 
1.46617826 1072.72453511 
1.47143789 1075.75304290 
1.47669753 1078.76972653 
1.48195716 1081.77452312 
1.48721680 1084.76737010 
1.49247643 1087.74820522 
1.49773607 1090.71696656 
1.50299570 1093.67359250 
1.50825533 1096.61802175 
1.51351497 1099.55019334 
1.51877460 1102.47004662 
1.52403424 1105.37752124 
1.52929387 1108.27255720 
1.53455350 1111.15509480 
1.53981314 1114.02507465 
1.54507277 1116.88243771 
1.55033241 1119.72712524 
1.55559204 1122.55907883 
1.56085167 1125.37824036 
1.56611131 1128.18455209 
1.57137094 1130.97795654 
1.57663058 1133.75839659 
1.58189021 1136.52581542 
1.58714984 1139.28015655 
1.59240948 1142.02136380 
1.59766911 1144.74938133 
1.60292875 1147.46415362 
1.60818838 1150.16562546 
1.61344801 1152.85374197 
1.61870765 1155.52844860 
1.62396728 1158.18969110 
1.62922692 1160.83741556 
1.63448655 1163.47156840 
1.63974618 1166.09209634 
1.64500582 1168.69894645 
1.65026545 1171.29206610 
1.65552509 1173.87140299 
1.66078472 1176.43690515 
1.66604435 1178.98852093 
1.67130399 1181.52619901 
1.67656362 1184.04988838 
1.68182326 1186.55953836 
1.68708289 1189.05509860 
1.69234252 1191.53651908 
1.69760216 1194.00375009 
1.70286179 1196.45674224 
1.70812143 1198.89544649 
1.71338106 1201.31981410 
1.71864069 1203.72979668 
1.72390033 1206.12534613 
1.72915996 1208.50641471 
1.73441960 1210.87295500 
1.73967923 1213.22491988 
1.74493886 1215.56226259 
1.75019850 1217.88493666 
1.75545813 1220.19289599 
1.76071777 1222.48609477 
1.76597740 1224.76448752 
1.77123703 1227.02802912 
1.77649667 1229.27667472 
1.78175630 1231.51037986 
1.78701594 1233.72910036 
1.79227557 1235.93279238 
1.79753520 1238.12141242 
1.80279484 1240.29491729 
1.80805447 1242.45326414 
1.81331411 1244.59641044 
1.81857374 1246.72431399 
1.82383337 1248.83693292 
1.82909301 1250.93422569 
1.83435264 1253.01615108 
1.83961228 1255.08266819 
1.84487191 1257.13373648 
1.85013155 1259.16931572 
1.85539118 1261.18936599 
1.86065081 1263.19384773 
1.86591045 1265.18272169 
1.87117008 1267.15594895 
1.87642972 1269.11349094 
1.88168935 1271.05530939 
1.88694898 1272.98136637 
1.89220862 1274.89162429 
1.89746825 1276.78604587 
1.90272789 1278.66459418 
1.90798752 1280.52723261 
1.91324715 1282.37392487 
1.91850679 1284.20463502 
1.92376642 1286.01932743 
1.92902606 1287.81796683 
1.93428569 1289.60051824 
1.93954532 1291.36694703 
1.94480496 1293.11721892 
1.95006459 1294.85129994 
1.95532423 1296.56915643 
1.96058386 1298.27075511 
1.96584349 1299.95606299 
1.97110313 1301.62504743 
1.97636276 1303.27767612 
1.98162240 1304.91391708 
1.98688203 1306.53373865 
1.99214166 1308.13710953 
1.99740130 1309.72399871 
2.00266093 1311.29437555 
2.00792057 1312.84820972 
2.01318020 1314.38547124 
2.01843983 1315.90613044 
2.02369947 1317.41015799 
2.02895910 1318.89752491 
2.03421874 1320.36820253 
2.03947837 1321.82216251 
2.04473800 1323.25937687 
2.04999764 1324.67981794 
2.05525727 1326.08345838 
2.06051691 1327.47027120 
2.06577654 1328.84022974 
2.07103617 1330.19330765 
2.07629581 1331.52947894 
2.08155544 1332.84871795 
2.08681508 1334.15099934 
2.09207471 1335.43629811 
2.09733434 1336.70458960 
2.10259398 1337.95584947 
2.10785361 1339.19005374 
2.11311325 1340.40717872 
2.11837288 1341.60720110 
2.12363251 1342.79009788 
2.12889215 1343.95584639 
2.13415178 1345.10442431 
2.13941142 1346.23580965 
2.14467105 1347.34998074 
2.14993068 1348.44691628 
2.15519032 1349.52659525 
2.16044995 1350.58899702 
2.16570959 1351.63410126 
2.17096922 1352.66188798 
2.17622886 1353.67233755 
2.18148849 1354.66543064 
2.18674812 1355.64114827 
2.19200776 1356.59947181 
2.19726739 1357.54038295 
2.20252703 1358.46386370 
2.20778666 1359.36989645 
2.21304629 1360.25846388 
2.21830593 1361.12954903 
2.22356556 1361.98313527 
2.22882520 1362.81920632 
2.23408483 1363.63774620 
2.23934446 1364.43873931 
2.24460410 1365.22217036 
2.24986373 1365.98802440 
2.25512337 1366.73628681 
2.26038300 1367.46694334 
2.26564263 1368.17998003 
2.27090227 1368.87538329 
2.27616190 1369.55313985 
2.28142154 1370.21323678 
2.28668117 1370.85566151 
2.29194080 1371.48040176 
2.29720044 1372.08744564 
2.30246007 1372.67678155 
2.30771971 1373.24839826 
2.31297934 1373.80228486 
2.31823897 1374.33843080 
2.32349861 1374.85682584 
2.32875824 1375.35746009 
2.33401788 1375.84032400 
2.33927751 1376.30540835 
2.34453714 1376.75270427 
2.34979678 1377.18220323 
2.35505641 1377.59389702 
2.36031605 1377.98777777 
2.36557568 1378.36383798 
2.37083531 1378.72207044 
2.37609495 1379.06246833 
2.38135458 1379.38502512 
2.38661422 1379.68973466 
2.39187385 1379.97659111 
2.39713348 1380.24558897 
2.40239312 1380.49672311 
2.40765275 1380.72998871 
2.41291239 1380.94538129 
2.41817202 1381.14289672 
2.42343165 1381.32253121 
2.42869129 1381.48428129 
2.43395092 1381.62814387 
2.43921056 1381.75411615 
2.44447019 1381.86219570 
2.44972982 1381.95238044 
2.45498946 1382.02466859 
2.46024909 1382.07905875 
2.46550873 1382.11554983 
2.47076836 1382.13414111 
2.47602799 1382.13483218 
2.48128763 1382.11762299 
2.48654726 1382.08251383 
2.49180690 1382.02950532 
2.49706653 1381.95859842 
2.50232617 1381.86979444 
2.50758580 1381.76309504 
2.51284543 1381.63850219 
2.51810507 1381.49601822 
2.52336470 1381.33564581 
2.52862434 1381.15738797 
2.53388397 1380.96124805 
2.53914360 1380.74722974 
2.54440324 1380.51533707 
2.54966287 1380.26557443 
2.55492251 1379.99794653 
2.56018214 1379.71245843 
2.56544177 1379.40911552 
2.57070141 1379.08792356 
2.57596104 1378.74888863 
2.58122068 1378.39201715 
2.58648031 1378.01731588 
2.59173994 1377.62479195 
2.59699958 1377.21445280 
2.60225921 1376.78630623 
2.60751885 1376.34036037 
2.61277848 1375.87662370 
2.61803811 1375.39510505 
2.62329775 1374.89581357 
2.62855738 1374.37875878 
2.63381702 1373.84395053 
2.63907665 1373.29139899 
2.64433628 1372.72111472 
2.64959592 1372.13310859 
2.65485555 1371.52739181 
2.66011519 1370.90397596 
2.66537482 1370.26287294 
2.67063445 1369.60409499 
2.67589409 1368.92765472 
2.68115372 1368.23356506 
2.68641336 1367.52183929 
2.69167299 1366.79249103 
2.69693262 1366.04553426 
2.70219226 1365.28098328 
2.70745189 1364.49885274 
2.71271153 1363.69915765 
2.71797116 1362.88191335 
2.72323079 1362.04713552 
2.72849043 1361.19484020 
2.73375006 1360.32504376 
2.73900970 1359.43776292 
2.74426933 1358.53301474 
2.74952896 1357.61081663 
2.75478860 1356.67118635 
2.76004823 1355.71414198 
2.76530787 1354.73970198 
2.77056750 1353.74788512 
2.77582713 1352.73871054 
2.78108677 1351.71219771 
2.78634640 1350.66836646 
2.79160604 1349.60723695 
2.79686567 1348.52882968 
2.80212530 1347.43316552 
2.80738494 1346.32026566 
2.81264457 1345.19015166 
2.81790421 1344.04284539 
2.82316384 1342.87836911 
2.82842348 1341.69674539 
2.83368311 1340.49799716 
2.83894274 1339.28214769 
2.84420238 1338.04922060 
2.84946201 1336.79923986 
2.85472165 1335.53222978 
2.85998128 1334.24821501 
2.86524091 1332.94722055 
2.87050055 1331.62927176 
2.87576018 1330.29439434 
2.88101982 1328.94261431 
2.88627945 1327.57395807 
2.89153908 1326.18845236 
2.89679872 1324.78612424 
2.90205835 1323.36700116 
2.90731799 1321.93111087 
2.91257762 1320.47848151 
2.91783725 1319.00914154 
2.92309689 1317.52311977 
2.92835652 1316.02044536 
2.93361616 1314.50114781 
2.93887579 1312.96525699 
2.94413542 1311.41280310 
2.94939506 1309.84381667 
2.95465469 1308.25832861 
2.95991433 1306.65637017 
2.96517396 1305.03797292 
2.97043359 1303.40316880 
2.97569323 1301.75199011 
2.98095286 1300.08446948 
2.98621250 1298.40063987 
2.99147213 1296.70053463 
2.99673176 1294.98418743 
3.00199140 1293.25163228 
3.00725103 1291.50290357 
3.01251067 1289.73803600 
3.01777030 1287.95706466 
3.02302993 1286.16002494 
3.02828957 1284.34695262 
3.03354920 1282.51788381 
3.03880884 1280.67285496 
3.04406847 1278.81190289 
3.04932810 1276.93506475 
3.05458774 1275.04237805 
3.05984737 1273.13388063 
3.06510701 1271.20961071 
3.07036664 1269.26960683 
3.07562627 1267.31390790 
3.08088591 1265.34255315 
3.08614554 1263.35558219 
3.09140518 1261.35303497 
3.09666481 1259.33495177 
3.10192444 1257.30137325 
3.10718408 1255.25234040 
3.11244371 1253.18789456 
3.11770335 1251.10807741 
3.12296298 1249.01293102 
3.12822261 1246.90249775 
3.13348225 1244.77682036 
3.13874188 1242.63594194 
3.14400152 1240.47990591 
3.14926115 1238.30875608 
3.15452079 1236.12253658 
3.15978042 1233.92129190 
3.16504005 1231.70506688 
3.17029969 1229.47390670 
3.17555932 1227.22785691 
3.18081896 1224.96696338 
3.18607859 1222.69127237 
3.19133822 1220.40083046 
3.19659786 1218.09568458 
3.20185749 1215.77588204 
3.20711713 1213.44147045 
3.21237676 1211.09249783 
3.21763639 1208.72901250 
3.22289603 1206.35106316 
3.22815566 1203.95869884 
3.23341530 1201.55196895 
3.23867493 1199.13092322 
3.24393456 1196.69561174 
3.24919420 1194.24608497 
3.25445383 1191.78239370 
3.25971347 1189.30458907 
3.26497310 1186.81272257 
3.27023273 1184.30684607 
3.27549237 1181.78701176 
3.28075200 1179.25327218 
3.28601164 1176.70568025 
3.29127127 1174.14428921 
3.29653090 1171.56915267 
3.30179054 1168.98032459 
3.30705017 1166.37785927 
3.31230981 1163.76181137 
3.31756944 1161.13223591 
3.32282907 1158.48918825 
3.32808871 1155.83272409 
3.33334834 1153.16289952 
3.33860798 1150.47977094 
3.34386761 1147.78339512 
3.34912724 1145.07382920 
3.35438688 1142.35113063 
3.35964651 1139.61535725 
3.36490615 1136.86656724 
3.37016578 1134.10481913 
3.37542541 1131.33017179 
3.38068505 1128.54268447 
3.38594468 1125.74241676 
3.39120432 1122.92942858 
3.39646395 1120.10378024 
3.40172358 1117.26553238 
3.40698322 1114.41474600 
3.41224285 1111.55148245 
3.41750249 1108.67580343 
3.42276212 1105.78777099 
3.42802175 1102.88744755 
3.43328139 1099.97489587 
3.43854102 1097.05017906 
3.44380066 1094.11336059 
3.44906029 1091.16450428 
3.45431992 1088.20367431 
3.45957956 1085.23093519 
3.46483919 1082.24635182 
3.47009883 1079.24998943 
3.47535846 1076.24191359 
3.48061809 1073.22219026 
3.48587773 1070.19088572 
3.49113736 1067.14806663 
3.49639700 1064.09379998 
3.50165663 1061.02815313 
3.50691627 1057.95119379 
3.51217590 1054.86299002 
3.51743553 1051.76361023 
3.52269517 1048.65312319 
3.52795480 1045.53159803 
3.53321444 1042.39910423 
3.53847407 1039.25571161 
3.54373370 1036.10149037 
3.54899334 1032.93651103 
3.55425297 1029.76084450 
3.55951261 1026.57456202 
3.56477224 1023.37773519 
3.57003187 1020.17043598 
3.57529151 1016.95273669 
3.58055114 1013.72470998 
3.58581078 1010.48642888 
3.59107041 1007.23796676 
3.59633004 1003.97939735 
3.60158968 1000.71079473 
3.60684931 997.43223335 
3.61210895 994.14378799 
3.61736858 990.84553380 
3.62262821 987.53754628 
3.62788785 984.21990129 
3.63314748 980.89267505 
3.63840712 977.55594412 
3.64366675 974.20978542 
3.64892638 970.85427623 
3.65418602 967.48949419 
3.65944565 964.11551727 
3.66470529 960.73242383 
3.66996492 957.34029256 
3.67522455 953.93920252 
3.68048419 950.52923311 
3.68574382 947.11046410 
3.69100346 943.68297560 
3.69626309 940.24684811 
3.70152272 936.80216243 
3.70678236 933.34899977 
3.71204199 929.88744166 
3.71730163 926.41757000 
3.72256126 922.93946705 
3.72782089 919.45321541 
3.73308053 915.95889805 
3.73834016 912.45659830 
3.74359980 908.94639982 
3.74885943 905.42838666 
3.75411906 901.90264320 
3.75937870 898.36925419 
3.76463833 894.82830473 
3.76989797 891.27988027 
3.77515760 887.72406664 
3.78041723 884.16094999 
3.78567687 880.59061687 
3.79093650 877.01315415 
3.79619614 873.42864907 
3.80145577 869.83718923 
3.80671540 866.23886258 
3.81197504 862.63375743 
3.81723467 859.02196244 
3.82249431 855.40356665 
3.82775394 851.77865942 
3.83301358 848.14733049 
3.83827321 844.50966996 
3.84353284 840.86576828 
3.84879248 837.21571625 
3.85405211 833.55960504 
3.85931175 829.89752616 
3.86457138 826.22957149 
3.86983101 822.55583328 
3.87509065 818.87640410 
3.88035028 815.19137692 
3.88560992 811.50084503 
3.89086955 807.80490210 
3.89612918 804.10364214 
3.90138882 800.39715955 
3.90664845 796.68554904 
3.91190809 792.96890572 
3.91716772 789.24732504 
3.92242735 785.52090280 
3.92768699 781.78973517 
3.93294662 778.05391867 
3.93820626 774.31355018 
3.94346589 770.56872694 
3.94872552 766.81954654 
3.95398516 763.06610695 
3.95924479 759.30850647 
3.96450443 755.54684376 
3.96976406 751.78121786 
3.97502369 748.01172816 
3.98028333 744.23847439 
3.98554296 740.46155666 
3.99080260 736.68107542 
3.99606223 732.89713149 
4.00132186 729.10982606 
4.00658150 725.31926064 
4.01184113 721.52553714 
4.01710077 717.72875780 
4.02236040 713.92902523 
4.02762003 710.12644240 
4.03287967 706.32111264 
4.03813930 702.51313962 
4.04339894 698.70262739 
4.04865857 694.88968035 
4.05391820 691.07440325 
4.05917784 687.25690122 
4.06443747 683.43727974 
4.06969711 679.61564462 
4.07495674 675.79210208 
4.08021637 671.96675866 
4.08547601 668.13972127 
4.09073564 664.31109718 
4.09599528 660.48099403 
4.10125491 656.64951979 
4.10651454 652.81678282 
4.11177418 648.98289181 
4.11703381 645.14795584 
4.12229345 641.31208433 
4.12755308 637.47538705 
4.13281271 633.63797416 
4.13807235 629.79995615 
4.14333198 625.96144388 
4.14859162 622.12254857 
4.15385125 618.28338180 
4.15911089 614.44405551 
4.16437052 610.60468198 
4.16963015 606.76537389 
4.17488979 602.92624424 
4.18014942 599.08740642 
4.18540906 595.24897414 
4.19066869 591.41106152 
4.19592832 587.57378300 
4.20118796 583.73725339 
4.20644759 579.90158787 
4.21170723 576.06690197 
4.21696686 572.23331158 
4.22222649 568.40093296 
4.22748613 564.56988271 
4.23274576 560.74027781 
4.23800540 556.91223558 
4.24326503 553.08587373 
4.24852466 549.26131029 
4.25378430 545.43866369 
4.25904393 541.61805268 
4.26430357 537.79959641 
4.26956320 533.98341436 
4.27482283 530.16962638 
4.28008247 526.35835269 
4.28534210 522.54971385 
4.29060174 518.74383080 
4.29586137 514.94082482 
4.30112100 511.14081757 
4.30638064 507.34393106 
4.31164027 503.55028767 
4.31689991 499.76001012 
4.32215954 495.97322150 
4.32741917 492.19004528 
4.33267881 488.41060526 
4.33793844 484.63502562 
4.34319808 480.86343089 
4.34845771 477.09594596 
4.35371734 473.33269610 
4.35897698 469.57380692 
4.36423661 465.81940439 
4.36949625 462.06961485 
4.37475588 458.32456500 
4.38001551 454.58438189 
4.38527515 450.84919296 
4.39053478 447.11912597 
4.39579442 443.39430907 
4.40105405 439.67487075 
4.40631368 435.96093989 
4.41157332 432.25264570 
4.41683295 428.55011777 
4.42209259 424.85348605 
4.42735222 421.16288083 
4.43261185 417.47843279 
4.43787149 413.80027295 
4.44313112 410.12853270 
4.44839076 406.46334380 
4.45365039 402.80483835 
4.45891002 399.15314883 
4.46416966 395.50840806 
4.46942929 391.87074925 
4.47468893 388.24030595 
4.47994856 384.61721207 
4.48520820 381.00160190 
4.49046783 377.39361008 
4.49572746 373.79337160 
4.50098710 370.20102182 
4.50624673 366.61669648 
4.51150637 363.04053165 
4.51676600 359.47266378 
4.52202563 355.91322968 
4.52728527 352.36236652 
4.53254490 348.82021183 
4.53780454 345.28690349 
4.54306417 341.76257978 
4.54832380 338.24737929 
4.55358344 334.74144101 
4.55884307 331.24490428 
4.56410271 327.75790879 
4.56936234 324.28059461 
4.57462197 320.81310217 
4.57988161 317.35557223 
4.58514124 313.90814596 
4.59040088 310.47096487 
4.59566051 307.04417081 
4.60092014 303.62790603 
4.60617978 300.22231312 
4.61143941 296.82753504 
4.61669905 293.44371510 
4.62195868 290.07099698 
4.62721831 286.70952473 
4.63247795 283.35944275 
4.63773758 280.02089580 
4.64299722 276.69402901 
4.64825685 273.37898788 
4.65351648 270.07591825 
4.65877612 266.78496634 
4.66403575 263.50627872 
4.66929539 260.24000233 
4.67455502 256.98628448 
4.67981465 253.74527282 
4.68507429 250.51711539 
4.69033392 247.30196055 
4.69559356 244.09995708 
4.70085319 240.91125407 
4.70611282 237.73600100 
4.71137246 234.57434770 
4.71663209 231.42644439 
4.72189173 228.29244160 
4.72715136 225.17249027 
4.73241099 222.06674169 
4.73767063 218.97534750 
4.74293026 215.89845971 
4.74818990 212.83623069 
4.75344953 209.78881318 
4.75870916 206.75636027 
4.76396880 203.73902543 
4.76922843 200.73696248 
4.77448807 197.75032560 
4.77974770 194.77926934 
4.78500733 191.82394860 
4.79026697 188.88451868 
4.79552660 185.96113519 
4.80078624 183.05395413 
4.80604587 180.16313187 
4.81130551 177.28882514 
4.81656514 174.43119100 
4.82182477 171.59038692 
4.82708441 168.76657071 
4.83234404 165.95990053 
4.83760368 163.17053493 
4.84286331 160.39863281 
4.84812294 157.64435342 
4.85338258 154.90785639 
4.85864221 152.18930172 
4.86390185 149.48884974 
4.86916148 146.80666119 
4.87442111 144.14289712 
4.87968075 141.49771898 
4.88494038 138.87128857 
4.89020002 136.26376807 
4.89545965 133.67531999 
4.90071928 131.10610722 
4.90597892 128.55629303 
4.91123855 126.02604102 
4.91649819 123.51551518 
4.92175782 121.02487986 
4.92701745 118.55429975 
4.93227709 116.10393992 
4.93753672 113.67396581 
4.94279636 111.26454322 
4.94805599 108.87583830 
4.95331562 106.50801756 
4.95857526 104.16124791 
4.96383489 101.83569658 
4.96909453 99.53153119 
4.97435416 97.24891970 
4.97961379 94.98803046 
4.98487343 92.74903217 
4.99013306 90.53209388 
4.99539270 88.33738503 
5.00065233 86.16507541 
5.00591196 84.01533517 
5.01117160 81.88833482 
5.01643123 79.78424525 
5.02169087 77.70323769 
5.02695050 75.64548376 
5.03221013 73.61115542 
5.03746977 71.60042500 
5.04272940 69.61346521 
5.04798904 67.65044909 
5.05324867 65.71155009 
5.05850830 63.79694197 
5.06376794 61.90679888 
5.06902757 60.04129535 
5.07428721 58.20060625 
5.07954684 56.38490682 
5.08480647 54.59437265 
5.09006611 52.82917972 
5.09532574 51.08950436 
5.10058538 49.37552325 
5.10584501 47.68741346 
5.11110464 46.02535241 
5.11636428 44.38951787 
5.12162391 42.78008801 
5.12688355 41.19724131 
5.13214318 39.64115667 
5.13740281 38.11201332 
5.14266245 36.60999086 
5.14792208 35.13526925 
5.15318172 33.68802882 
5.15844135 32.26845026 
5.16370099 30.87671463 
5.16896062 29.51300335 
5.17422025 28.17749820 
5.17947989 26.87038132 
5.18473952 25.59183523 
5.18999916 24.34204279 
5.19525879 23.12118725 
5.20051842 21.92945220 
5.20577806 20.76702161 
5.21103769 19.63407980 
5.21629733 18.53081147 
5.22155696 17.45740167 
5.22681659 16.41403582 
5.23207623 15.40089970 
5.23733586 14.41817945 
5.24259550 13.46606159 
5.24785513 12.54473298 
5.25311476 11.65438087 
5.25837440 10.79519286 
5.26363403 9.96735690 
5.26889367 9.17106132 
5.27415330 8.40649483 
5.27941293 7.67384646 
5.28467257 6.97330565 
5.28993220 6.30506216 
5.29519184 5.66930616 
5.30045147 5.06622814 
5.30571110 4.49601898 
5.31097074 3.95886992 
5.31623037 3.45497256 
5.32149001 2.98451887 
5.32674964 2.54770116 
5.33200927 2.14471214 
5.33726891 1.77574486 
5.34252854 1.44099273 
5.34778818 1.14064955 
5.35304781 0.87490945 
5.35830744 0.64396696 
5.36356708 0.44801694 
5.36882671 0.28725463 
5.37408635 0.16187563 
5.37934598 0.07207591 
5.38460561 0.01805181 
5.38986525 0.00000000 
